tstart	tstop	obsid	simpos	feps	ccds	vid	clk	power	pitch
2008:363:21:36:33.441	2008:363:21:41:03.441	57419	-99616	5	5	1	0	112.30	71.63
2008:363:21:41:03.441	2008:363:21:45:33.441	57419	-99616	5	5	1	0	112.30	71.01
2008:363:21:45:33.441	2008:363:21:50:03.441	57419	-99616	5	5	1	0	112.30	68.53
2008:363:21:50:03.441	2008:363:21:54:33.441	57419	-99616	5	5	1	0	112.30	63.87
2008:363:21:54:33.441	2008:363:21:59:03.441	57419	-99616	5	5	1	0	112.30	58.49
2008:363:21:59:03.441	2008:363:22:03:33.441	57419	-99616	5	5	1	0	112.30	53.31
2008:363:22:03:33.441	2008:363:22:07:32.852	57419	-99616	5	5	1	0	112.30	50.42
2008:363:22:07:32.852	2008:363:22:12:12.889	57419	-99616	5	5	1	0	112.30	49.79
2008:363:22:12:12.889	2008:363:22:16:52.889	10845	75620	5	5	1	0	112.30	49.79
2008:363:22:16:52.889	2008:363:22:17:03.489	10845	75620	5	5	1	0	112.30	53.69
2008:363:22:17:03.489	2008:363:22:17:07.489	10845	75620	5	5	1	0	112.30	53.69
2008:363:22:17:07.489	2008:363:22:17:11.489	10845	75620	5	5	1	0	112.30	53.69
2008:363:22:17:11.489	2008:363:22:17:35.489	10845	75620	0	0	1	0	40.00	53.69
2008:363:22:17:35.489	2008:363:22:18:42.489	10845	75620	6	6	1	0	118.00	53.69
2008:363:22:18:42.489	2008:363:22:21:32.889	10845	75620	6	6	1	1	129.00	53.69
2008:363:22:21:32.889	2008:363:22:26:12.889	10845	75620	6	6	1	1	129.00	67.29
2008:363:22:26:12.889	2008:363:22:30:52.889	10845	75620	6	6	1	1	129.00	87.91
2008:363:22:30:52.889	2008:363:22:35:32.889	10845	75620	6	6	1	1	129.00	108.86
2008:363:22:35:32.889	2008:363:22:40:12.889	10845	75620	6	6	1	1	129.00	129.10
2008:363:22:40:12.889	2008:363:22:44:17.956	10845	75620	6	6	1	1	129.00	141.48
2008:363:22:44:17.956	2008:364:01:04:17.956	10845	75620	6	6	1	1	129.00	144.38
2008:364:01:04:17.956	2008:364:03:24:17.956	10845	75620	6	6	1	1	129.00	144.41
2008:364:03:24:17.956	2008:364:05:44:17.956	10845	75620	6	6	1	1	129.00	144.43
2008:364:05:44:17.956	2008:364:08:04:17.956	10845	75620	6	6	1	1	129.00	144.46
2008:364:08:04:17.956	2008:364:09:55:27.952	10845	75620	6	6	1	1	129.00	144.49
2008:364:09:55:27.952	2008:364:09:58:27.952	10845	74029	6	6	1	0	118.00	144.51
2008:364:09:58:27.952	2008:364:09:59:57.952	10843	74029	6	6	1	0	118.00	144.51
2008:364:09:59:57.952	2008:364:10:03:18.552	10843	74029	6	6	1	0	118.00	140.95
2008:364:10:03:18.552	2008:364:10:03:22.552	10843	74029	6	6	1	0	118.00	140.95
2008:364:10:03:22.552	2008:364:10:03:26.552	10843	74029	6	6	1	0	118.00	140.95
2008:364:10:03:26.552	2008:364:10:03:50.552	10843	74029	0	0	1	0	40.00	140.95
2008:364:10:03:50.552	2008:364:10:04:27.952	10843	74029	6	6	1	0	118.00	140.95
2008:364:10:04:27.952	2008:364:10:04:57.552	10843	74029	6	6	1	0	118.00	128.45
2008:364:10:04:57.552	2008:364:10:08:57.952	10843	74029	6	6	1	1	129.00	128.45
2008:364:10:08:57.952	2008:364:10:13:27.952	10843	74029	6	6	1	1	129.00	108.90
2008:364:10:13:27.952	2008:364:10:17:57.952	10843	74029	6	6	1	1	129.00	88.82
2008:364:10:17:57.952	2008:364:10:22:27.952	10843	74029	6	6	1	1	129.00	70.48
2008:364:10:22:27.952	2008:364:10:25:42.640	10843	74029	6	6	1	1	129.00	60.49
2008:364:10:25:42.640	2008:364:12:45:42.640	10843	74029	6	6	1	1	129.00	58.80
2008:364:12:45:42.640	2008:364:15:05:42.640	10843	74029	6	6	1	1	129.00	58.85
2008:364:15:05:42.640	2008:364:17:25:42.640	10843	74029	6	6	1	1	129.00	58.90
2008:364:17:25:42.640	2008:364:19:45:42.640	10843	74029	6	6	1	1	129.00	58.95
2008:364:19:45:42.640	2008:364:22:05:42.640	10843	74029	6	6	1	1	129.00	59.00
2008:364:22:05:42.640	2008:365:00:25:42.640	10843	74029	6	6	1	1	129.00	59.05
2008:365:00:25:42.640	2008:365:02:36:52.636	10843	74029	6	6	1	1	129.00	59.10
2008:365:02:36:52.636	2008:365:02:39:52.636	10843	75620	6	6	1	0	118.00	59.15
2008:365:02:39:52.636	2008:365:02:39:56.636	10846	75620	6	6	1	0	118.00	59.15
2008:365:02:39:56.636	2008:365:02:40:00.636	10846	75620	6	6	1	0	118.00	59.15
2008:365:02:40:00.636	2008:365:02:40:24.636	10846	75620	0	0	1	0	40.00	59.15
2008:365:02:40:24.636	2008:365:02:41:31.636	10846	75620	6	6	1	0	118.00	59.15
2008:365:02:41:31.636	2008:365:02:41:32.636	10846	75620	6	6	1	1	129.00	59.15
2008:365:02:41:32.636	2008:365:02:46:12.636	10846	75620	6	6	1	1	129.00	62.44
2008:365:02:46:12.636	2008:365:02:50:52.636	10846	75620	6	6	1	1	129.00	74.28
2008:365:02:50:52.636	2008:365:02:55:32.636	10846	75620	6	6	1	1	129.00	92.86
2008:365:02:55:32.636	2008:365:03:00:12.636	10846	75620	6	6	1	1	129.00	112.05
2008:365:03:00:12.636	2008:365:03:04:52.636	10846	75620	6	6	1	1	129.00	130.65
2008:365:03:04:52.636	2008:365:03:09:14.638	10846	75620	6	6	1	1	129.00	142.09
2008:365:03:09:14.638	2008:365:05:29:14.638	10846	75620	6	6	1	1	129.00	144.96
2008:365:05:29:14.638	2008:365:07:49:14.638	10846	75620	6	6	1	1	129.00	144.93
2008:365:07:49:14.638	2008:365:10:09:14.638	10846	75620	6	6	1	1	129.00	144.90
2008:365:10:09:14.638	2008:365:12:29:14.638	10846	75620	6	6	1	1	129.00	144.87
2008:365:12:29:14.638	2008:365:14:15:18.864	10846	75620	6	6	1	1	129.00	144.84
2008:365:14:15:18.864	2008:365:14:30:18.864	10846	-99612	6	6	1	0	118.00	144.84
2008:365:14:30:18.864	2008:365:14:33:18.864	57418	-99612	6	6	1	0	118.00	144.81
2008:365:14:33:18.864	2008:365:14:33:22.864	57418	-99612	6	6	1	0	118.00	144.81
2008:365:14:33:22.864	2008:365:14:33:26.864	57418	-99612	6	6	1	0	118.00	144.81
2008:365:14:33:26.864	2008:365:14:33:50.864	57418	-99612	0	0	1	0	40.00	144.81
2008:365:14:33:50.864	2008:365:14:34:08.864	57418	-99612	6	6	1	0	118.00	144.81
2008:365:14:34:08.864	2008:365:14:34:57.864	57418	-99612	6	6	1	0	118.00	146.10
2008:365:14:34:57.864	2008:365:14:37:58.864	57418	-99612	6	6	1	1	129.00	146.10
2008:365:14:37:58.864	2008:365:14:41:48.864	57418	-99612	6	6	1	1	129.00	150.71
2008:365:14:41:48.864	2008:365:14:45:09.075	57418	-99612	6	6	1	1	129.00	154.91
2008:365:14:45:09.075	2008:365:15:45:38.864	57418	-99612	6	6	1	1	129.00	155.84
2008:365:15:45:38.864	2008:365:15:48:38.864	57418	-99612	6	6	1	0	118.00	155.84
2008:365:15:48:38.864	2008:365:15:48:47.864	57418	-99612	6	6	1	0	118.00	155.84
2008:365:15:48:47.864	2008:365:17:05:01.735	57418	-99612	6	6	0	0	96.60	155.84
2008:365:17:05:01.735	2008:365:17:10:01.735	57417	-99612	6	6	0	0	96.60	155.84
2008:365:17:10:01.735	2008:365:17:15:01.735	57417	-99612	6	6	0	0	96.60	155.83
2008:365:17:15:01.735	2008:365:17:20:01.735	57417	-99612	6	6	0	0	96.60	155.82
2008:365:17:20:01.735	2008:365:17:25:01.735	57417	-99612	6	6	0	0	96.60	155.80
2008:365:17:25:01.735	2008:365:17:30:01.735	57417	-99612	6	6	0	0	96.60	155.78
2008:365:17:30:01.735	2008:365:17:35:01.735	57417	-99612	6	6	0	0	96.60	155.77
2008:365:17:35:01.735	2008:365:17:40:01.735	57417	-99612	6	6	0	0	96.60	155.76
2008:365:17:40:01.735	2008:365:17:44:08.867	57417	-99612	6	6	0	0	96.60	155.76
2008:365:17:44:08.867	2008:365:18:48:38.864	57417	-99612	6	6	0	0	96.60	155.76
2008:365:18:48:38.864	2008:365:18:53:38.864	57416	-99612	6	6	0	0	96.60	155.73
2008:365:18:53:38.864	2008:365:18:58:38.864	57416	-99612	6	6	0	0	96.60	155.73
2008:365:18:58:38.864	2008:365:19:03:38.864	57416	-99612	6	6	0	0	96.60	155.73
2008:365:19:03:38.864	2008:365:19:08:38.864	57416	-99612	6	6	0	0	96.60	155.75
2008:365:19:08:38.864	2008:365:19:13:38.864	57416	-99612	6	6	0	0	96.60	155.77
2008:365:19:13:38.864	2008:365:19:18:38.864	57416	-99612	6	6	0	0	96.60	155.80
2008:365:19:18:38.864	2008:365:19:23:38.864	57416	-99612	6	6	0	0	96.60	155.82
2008:365:19:23:38.864	2008:365:19:27:40.815	57416	-99612	6	6	0	0	96.60	155.83
2008:365:19:27:40.815	2008:365:20:32:10.812	57416	-99612	6	6	0	0	96.60	155.84
2008:365:20:32:10.812	2008:365:20:37:10.812	57415	-99612	6	6	0	0	96.60	155.84
2008:365:20:37:10.812	2008:365:20:42:10.812	57415	-99612	6	6	0	0	96.60	155.83
2008:365:20:42:10.812	2008:365:20:47:10.812	57415	-99612	6	6	0	0	96.60	155.80
2008:365:20:47:10.812	2008:365:20:52:10.812	57415	-99612	6	6	0	0	96.60	155.76
2008:365:20:52:10.812	2008:365:20:57:10.812	57415	-99612	6	6	0	0	96.60	155.72
2008:365:20:57:10.812	2008:365:21:02:10.812	57415	-99612	6	6	0	0	96.60	155.68
2008:365:21:02:10.812	2008:365:21:07:10.812	57415	-99612	6	6	0	0	96.60	155.66
2008:365:21:07:10.812	2008:365:21:11:11.180	57415	-99612	6	6	0	0	96.60	155.65
2008:365:21:11:11.180	2008:365:23:26:11.180	57415	-99612	6	6	0	0	96.60	155.65
2008:365:23:26:11.180	2008:366:01:30:31.052	57415	-99612	6	6	0	0	96.60	155.57
2008:366:01:30:31.052	2008:366:01:35:01.052	57414	-99612	6	6	0	0	96.60	155.50
2008:366:01:35:01.052	2008:366:01:39:31.052	57414	-99612	6	6	0	0	96.60	155.51
2008:366:01:39:31.052	2008:366:01:44:01.052	57414	-99612	6	6	0	0	96.60	155.55
2008:366:01:44:01.052	2008:366:01:48:31.052	57414	-99612	6	6	0	0	96.60	155.63
2008:366:01:48:31.052	2008:366:01:53:01.052	57414	-99612	6	6	0	0	96.60	155.70
2008:366:01:53:01.052	2008:366:01:57:31.052	57414	-99612	6	6	0	0	96.60	155.76
2008:366:01:57:31.052	2008:366:02:01:39.917	57414	-99612	6	6	0	0	96.60	155.79
2008:366:02:01:39.917	2008:366:02:06:09.913	57414	-99612	6	6	0	0	96.60	155.79
2008:366:02:06:09.913	2008:366:02:06:13.913	57414	-99612	6	6	0	0	96.60	155.79
2008:366:02:06:13.913	2008:366:02:06:17.913	57414	-99612	6	6	0	0	96.60	155.79
2008:366:02:06:17.913	2008:366:02:06:41.913	57414	-99612	0	0	1	0	40.00	155.79
2008:366:02:06:41.913	2008:366:02:07:44.913	57414	-99612	6	6	1	0	118.00	155.79
2008:366:02:07:44.913	2008:366:03:31:39.917	57414	-99612	6	6	1	1	129.00	155.79
2008:366:03:31:39.917	2008:366:04:49:49.913	57414	-99612	6	6	1	1	129.00	155.83
2008:366:04:49:49.913	2008:366:04:52:49.913	57414	-99612	6	6	1	0	118.00	155.83
2008:366:04:52:49.913	2008:366:04:57:40.513	10847	92905	6	6	1	0	118.00	155.86
2008:366:04:57:40.513	2008:366:04:57:44.513	10847	92905	6	6	1	0	118.00	155.86
2008:366:04:57:44.513	2008:366:04:57:48.513	10847	92905	6	6	1	0	118.00	155.86
2008:366:04:57:48.513	2008:366:04:57:49.913	10847	92905	0	0	1	0	40.00	155.86
2008:366:04:57:49.913	2008:366:04:58:12.513	10847	92905	0	0	1	0	40.00	151.32
2008:366:04:58:12.513	2008:366:04:59:19.513	10847	92905	5	5	1	0	112.30	151.32
2008:366:04:59:19.513	2008:366:05:02:49.913	10847	92905	5	5	1	1	113.90	151.32
2008:366:05:02:49.913	2008:366:05:07:49.913	10847	92905	5	5	1	1	113.90	135.65
2008:366:05:07:49.913	2008:366:05:12:49.913	10847	92905	5	5	1	1	113.90	113.53
2008:366:05:12:49.913	2008:366:05:17:27.587	10847	92905	5	5	1	1	113.90	98.70
2008:366:05:17:27.587	2008:366:07:12:27.587	10847	92905	5	5	1	1	113.90	94.87
2008:366:07:12:27.587	2008:366:09:07:27.587	10847	92905	5	5	1	1	113.90	94.91
2008:366:09:07:27.587	2008:366:10:46:17.582	10847	92905	5	5	1	1	113.90	94.95
2008:366:10:46:17.582	2008:366:10:49:17.582	10847	75620	5	5	1	0	112.30	94.99
2008:366:10:49:17.582	2008:366:10:49:21.582	10346	75620	5	5	1	0	112.30	94.99
2008:366:10:49:21.582	2008:366:10:49:25.582	10346	75620	5	5	1	0	112.30	94.99
2008:366:10:49:25.582	2008:366:10:49:49.582	10346	75620	0	0	1	0	40.00	94.99
2008:366:10:49:49.582	2008:366:10:50:47.582	10346	75620	6	6	1	0	118.00	94.99
2008:366:10:50:47.582	2008:366:10:50:56.582	10346	75620	6	6	1	0	118.00	96.61
2008:366:10:50:56.582	2008:366:10:55:17.582	10346	75620	6	6	1	1	129.00	96.61
2008:366:10:55:17.582	2008:366:10:59:47.582	10346	75620	6	6	1	1	129.00	102.70
2008:366:10:59:47.582	2008:366:11:04:17.582	10346	75620	6	6	1	1	129.00	113.17
2008:366:11:04:17.582	2008:366:11:08:47.582	10346	75620	6	6	1	1	129.00	124.45
2008:366:11:08:47.582	2008:366:11:13:17.582	10346	75620	6	6	1	1	129.00	134.69
2008:366:11:13:17.582	2008:366:11:16:59.712	10346	75620	6	6	1	1	129.00	139.99
2008:366:11:16:59.712	2008:366:13:36:59.712	10346	75620	6	6	1	1	129.00	141.01
2008:366:13:36:59.712	2008:366:15:48:09.708	10346	75620	6	6	1	1	129.00	141.11
2008:366:15:48:09.708	2008:366:15:51:09.708	10346	75620	6	6	1	0	118.00	141.19
2008:366:15:51:09.708	2008:366:15:51:13.708	10371	75620	6	6	1	0	118.00	141.19
2008:366:15:51:13.708	2008:366:15:51:17.708	10371	75620	6	6	1	0	118.00	141.19
2008:366:15:51:17.708	2008:366:15:51:41.708	10371	75620	0	0	1	0	40.00	141.19
2008:366:15:51:41.708	2008:366:15:52:48.708	10371	75620	1	1	1	0	58.30	141.19
2008:366:15:52:48.708	2008:366:15:52:49.708	10371	75620	1	1	1	1	57.00	141.19
2008:366:15:52:49.708	2008:366:15:57:29.708	10371	75620	1	1	1	1	57.00	141.31
2008:366:15:57:29.708	2008:366:16:02:09.708	10371	75620	1	1	1	1	57.00	141.73
2008:366:16:02:09.708	2008:366:16:06:49.708	10371	75620	1	1	1	1	57.00	142.41
2008:366:16:06:49.708	2008:366:16:11:29.708	10371	75620	1	1	1	1	57.00	143.05
2008:366:16:11:29.708	2008:366:16:15:05.562	10371	75620	1	1	1	1	57.00	143.39
2008:366:16:15:05.562	2008:366:17:59:35.557	10371	75620	1	1	1	1	57.00	143.45
2008:366:17:59:35.557	2008:366:18:02:35.557	10371	75620	1	1	1	0	58.30	143.49
2008:366:18:02:35.557	2008:366:18:02:39.557	10313	75620	1	1	1	0	58.30	143.49
2008:366:18:02:39.557	2008:366:18:02:43.557	10313	75620	1	1	1	0	58.30	143.49
2008:366:18:02:43.557	2008:366:18:03:07.557	10313	75620	0	0	1	0	40.00	143.49
2008:366:18:03:07.557	2008:366:18:04:14.557	10313	75620	5	5	1	0	112.30	143.49
2008:366:18:04:14.557	2008:366:18:04:25.557	10313	75620	5	5	1	1	113.90	143.49
2008:366:18:04:25.557	2008:366:18:09:15.557	10313	75620	5	5	1	1	113.90	143.75
2008:366:18:09:15.557	2008:366:18:13:28.533	10313	75620	5	5	1	1	113.90	144.44
2008:366:18:13:28.533	2008:366:20:28:28.533	10313	75620	5	5	1	1	113.90	144.63
2008:366:20:28:28.533	2008:366:22:43:28.533	10313	75620	5	5	1	1	113.90	144.66
2008:366:22:43:28.533	2009:001:00:58:28.533	10313	75620	5	5	1	1	113.90	144.69
2009:001:00:58:28.533	2009:001:03:03:11.557	10313	75620	5	5	1	1	113.90	144.72
2009:001:03:03:11.557	2009:001:03:06:11.557	10313	90519	5	5	1	0	112.30	144.75
2009:001:03:06:11.557	2009:001:03:06:15.557	10441	90519	5	5	1	0	112.30	144.75
2009:001:03:06:15.557	2009:001:03:06:19.557	10441	90519	5	5	1	0	112.30	144.75
2009:001:03:06:19.557	2009:001:03:06:43.557	10441	90519	0	0	1	0	40.00	144.75
2009:001:03:06:43.557	2009:001:03:07:50.557	10441	90519	5	5	1	0	112.30	144.75
2009:001:03:07:50.557	2009:001:03:08:01.557	10441	90519	5	5	1	1	113.90	144.75
2009:001:03:08:01.557	2009:001:03:12:51.557	10441	90519	5	5	1	1	113.90	144.91
2009:001:03:12:51.557	2009:001:03:17:41.557	10441	90519	5	5	1	1	113.90	145.54
2009:001:03:17:41.557	2009:001:03:22:31.557	10441	90519	5	5	1	1	113.90	146.63
2009:001:03:22:31.557	2009:001:03:27:21.557	10441	90519	5	5	1	1	113.90	147.79
2009:001:03:27:21.557	2009:001:03:32:11.557	10441	90519	5	5	1	1	113.90	148.84
2009:001:03:32:11.557	2009:001:03:36:50.298	10441	90519	5	5	1	1	113.90	149.40
2009:001:03:36:50.298	2009:001:05:41:50.298	10441	90519	5	5	1	1	113.90	149.53
2009:001:05:41:50.298	2009:001:07:46:50.298	10441	90519	5	5	1	1	113.90	149.61
2009:001:07:46:50.298	2009:001:09:40:10.295	10441	90519	5	5	1	1	113.90	149.68
2009:001:09:40:10.295	2009:001:09:43:10.295	10441	75620	5	5	1	0	112.30	149.75
2009:001:09:43:10.295	2009:001:09:43:14.295	10384	75620	5	5	1	0	112.30	149.75
2009:001:09:43:14.295	2009:001:09:43:18.295	10384	75620	5	5	1	0	112.30	149.75
2009:001:09:43:18.295	2009:001:09:43:42.295	10384	75620	0	0	1	0	40.00	149.75
2009:001:09:43:42.295	2009:001:09:44:49.295	10384	75620	4	4	1	0	92.00	149.75
2009:001:09:44:49.295	2009:001:09:44:50.295	10384	75620	4	4	1	1	99.20	149.75
2009:001:09:44:50.295	2009:001:09:49:30.295	10384	75620	4	4	1	1	99.20	149.96
2009:001:09:49:30.295	2009:001:09:54:10.295	10384	75620	4	4	1	1	99.20	150.74
2009:001:09:54:10.295	2009:001:09:58:50.295	10384	75620	4	4	1	1	99.20	152.02
2009:001:09:58:50.295	2009:001:10:03:30.295	10384	75620	4	4	1	1	99.20	153.27
2009:001:10:03:30.295	2009:001:10:07:34.551	10384	75620	4	4	1	1	99.20	153.96
2009:001:10:07:34.551	2009:001:11:52:04.546	10384	75620	4	4	1	1	99.20	154.11
2009:001:11:52:04.546	2009:001:11:55:04.546	10384	90519	4	4	1	0	92.00	154.16
2009:001:11:55:04.546	2009:001:11:55:08.546	10415	90519	4	4	1	0	92.00	154.16
2009:001:11:55:08.546	2009:001:11:55:12.546	10415	90519	4	4	1	0	92.00	154.16
2009:001:11:55:12.546	2009:001:11:55:36.546	10415	90519	0	0	1	0	40.00	154.16
2009:001:11:55:36.546	2009:001:11:56:43.546	10415	90519	5	5	1	0	112.30	154.16
2009:001:11:56:43.546	2009:001:11:56:44.546	10415	90519	5	5	1	1	113.90	154.16
2009:001:11:56:44.546	2009:001:12:01:24.546	10415	90519	5	5	1	1	113.90	154.08
2009:001:12:01:24.546	2009:001:12:06:04.546	10415	90519	5	5	1	1	113.90	153.78
2009:001:12:06:04.546	2009:001:12:10:44.546	10415	90519	5	5	1	1	113.90	153.33
2009:001:12:10:44.546	2009:001:12:14:33.339	10415	90519	5	5	1	1	113.90	153.07
2009:001:12:14:33.339	2009:001:14:19:33.339	10415	90519	5	5	1	1	113.90	153.02
2009:001:14:19:33.339	2009:001:16:12:23.334	10415	90519	5	5	1	1	113.90	153.10
2009:001:16:12:23.334	2009:001:16:15:23.334	10415	75620	5	5	1	0	112.30	153.18
2009:001:16:15:23.334	2009:001:16:15:27.334	09965	75620	5	5	1	0	112.30	153.18
2009:001:16:15:27.334	2009:001:16:15:31.334	09965	75620	5	5	1	0	112.30	153.18
2009:001:16:15:31.334	2009:001:16:15:55.334	09965	75620	0	0	1	0	40.00	153.18
2009:001:16:15:55.334	2009:001:16:17:02.334	09965	75620	6	6	1	0	118.00	153.18
2009:001:16:17:02.334	2009:001:16:17:03.334	09965	75620	6	6	1	1	129.00	153.18
2009:001:16:17:03.334	2009:001:16:21:43.334	09965	75620	6	6	1	1	129.00	152.24
2009:001:16:21:43.334	2009:001:16:26:23.334	09965	75620	6	6	1	1	129.00	148.90
2009:001:16:26:23.334	2009:001:16:30:51.286	09965	75620	6	6	1	1	129.00	145.66
2009:001:16:30:51.286	2009:001:16:58:34.334	09965	75620	6	6	1	1	129.00	144.81
2009:001:16:58:34.334	2009:001:17:01:34.334	09965	92905	6	6	1	0	118.00	144.82
2009:001:17:01:34.334	2009:001:17:01:38.334	10848	92905	6	6	1	0	118.00	144.82
2009:001:17:01:38.334	2009:001:17:01:42.334	10848	92905	6	6	1	0	118.00	144.82
2009:001:17:01:42.334	2009:001:17:02:06.334	10848	92905	0	0	1	0	40.00	144.82
2009:001:17:02:06.334	2009:001:17:03:13.334	10848	92905	5	5	1	0	112.30	144.82
2009:001:17:03:13.334	2009:001:17:03:34.334	10848	92905	5	5	1	1	113.90	144.82
2009:001:17:03:34.334	2009:001:17:08:34.334	10848	92905	5	5	1	1	113.90	141.14
2009:001:17:08:34.334	2009:001:17:13:34.334	10848	92905	5	5	1	1	113.90	128.06
2009:001:17:13:34.334	2009:001:17:18:34.334	10848	92905	5	5	1	1	113.90	109.54
2009:001:17:18:34.334	2009:001:17:22:42.749	10848	92905	5	5	1	1	113.90	98.08
2009:001:17:22:42.749	2009:001:19:07:42.749	10848	92905	5	5	1	1	113.90	95.63
2009:001:19:07:42.749	2009:001:20:52:42.749	10848	92905	5	5	1	1	113.90	95.67
2009:001:20:52:42.749	2009:001:22:27:12.744	10848	92905	5	5	1	1	113.90	95.70
2009:001:22:27:12.744	2009:001:22:30:12.744	10848	92905	5	5	1	0	112.30	95.74
2009:001:22:30:12.744	2009:001:22:30:16.744	10261	92905	5	5	1	0	112.30	95.74
2009:001:22:30:16.744	2009:001:22:30:20.744	10261	92905	5	5	1	0	112.30	95.74
2009:001:22:30:20.744	2009:001:22:30:44.744	10261	92905	0	0	1	0	40.00	95.74
2009:001:22:30:44.744	2009:001:22:31:51.744	10261	92905	6	6	1	0	118.00	95.74
2009:001:22:31:51.744	2009:001:22:32:12.744	10261	92905	6	6	1	1	129.00	95.74
2009:001:22:32:12.744	2009:001:22:37:12.744	10261	92905	6	6	1	1	129.00	94.20
2009:001:22:37:12.744	2009:001:22:42:12.744	10261	92905	6	6	1	1	129.00	88.10
2009:001:22:42:12.744	2009:001:22:47:12.744	10261	92905	6	6	1	1	129.00	77.84
2009:001:22:47:12.744	2009:001:22:52:12.744	10261	92905	6	6	1	1	129.00	66.75
2009:001:22:52:12.744	2009:001:22:57:12.744	10261	92905	6	6	1	1	129.00	56.45
2009:001:22:57:12.744	2009:001:23:01:00.012	10261	92905	6	6	1	1	129.00	51.14
2009:001:23:01:00.012	2009:002:00:28:50.008	10261	92905	6	6	1	1	129.00	50.25
2009:002:00:28:50.008	2009:002:00:31:50.008	10261	75620	6	6	1	0	118.00	50.30
2009:002:00:31:50.008	2009:002:00:31:54.008	10742	75620	6	6	1	0	118.00	50.30
2009:002:00:31:54.008	2009:002:00:31:58.008	10742	75620	6	6	1	0	118.00	50.30
2009:002:00:31:58.008	2009:002:00:32:22.008	10742	75620	0	0	1	0	40.00	50.30
2009:002:00:32:22.008	2009:002:00:33:29.008	10742	75620	5	5	1	0	112.30	50.30
2009:002:00:33:29.008	2009:002:00:33:30.008	10742	75620	5	5	1	1	113.90	50.30
2009:002:00:33:30.008	2009:002:00:38:10.008	10742	75620	5	5	1	1	113.90	50.41
2009:002:00:38:10.008	2009:002:00:42:50.008	10742	75620	5	5	1	1	113.90	50.97
2009:002:00:42:50.008	2009:002:00:47:30.008	10742	75620	5	5	1	1	113.90	52.36
2009:002:00:47:30.008	2009:002:00:52:10.008	10742	75620	5	5	1	1	113.90	54.22
2009:002:00:52:10.008	2009:002:00:56:50.008	10742	75620	5	5	1	1	113.90	56.28
2009:002:00:56:50.008	2009:002:01:01:30.008	10742	75620	5	5	1	1	113.90	58.25
2009:002:01:01:30.008	2009:002:01:06:10.008	10742	75620	5	5	1	1	113.90	59.90
2009:002:01:06:10.008	2009:002:01:10:50.008	10742	75620	5	5	1	1	113.90	60.96
2009:002:01:10:50.008	2009:002:01:14:04.545	10742	75620	5	5	1	1	113.90	61.31
2009:002:01:14:04.545	2009:002:02:41:54.544	10742	75620	5	5	1	1	113.90	61.35
2009:002:02:41:54.544	2009:002:02:44:54.544	10742	75620	5	5	1	0	112.30	61.29
2009:002:02:44:54.544	2009:002:02:44:58.544	10511	75620	5	5	1	0	112.30	61.29
2009:002:02:44:58.544	2009:002:02:45:02.544	10511	75620	5	5	1	0	112.30	61.29
2009:002:02:45:02.544	2009:002:02:45:26.544	10511	75620	0	0	1	0	40.00	61.29
2009:002:02:45:26.544	2009:002:02:46:33.544	10511	75620	6	6	1	0	118.00	61.29
2009:002:02:46:33.544	2009:002:02:46:54.544	10511	75620	6	6	1	1	129.00	61.29
2009:002:02:46:54.544	2009:002:02:51:54.544	10511	75620	6	6	1	1	129.00	60.61
2009:002:02:51:54.544	2009:002:02:56:54.544	10511	75620	6	6	1	1	129.00	58.09
2009:002:02:56:54.544	2009:002:03:01:54.544	10511	75620	6	6	1	1	129.00	54.37
2009:002:03:01:54.544	2009:002:03:06:33.122	10511	75620	6	6	1	1	129.00	51.99
2009:002:03:06:33.122	2009:002:04:41:03.117	10511	75620	6	6	1	1	129.00	51.41
2009:002:04:41:03.117	2009:002:04:44:03.117	10511	75620	6	6	1	0	118.00	51.39
2009:002:04:44:03.117	2009:002:04:44:07.117	10148	75620	6	6	1	0	118.00	51.39
2009:002:04:44:07.117	2009:002:04:44:11.117	10148	75620	6	6	1	0	118.00	51.39
2009:002:04:44:11.117	2009:002:04:44:35.117	10148	75620	0	0	1	0	40.00	51.39
2009:002:04:44:35.117	2009:002:04:45:23.117	10148	75620	5	5	1	0	112.30	51.39
2009:002:04:45:23.117	2009:002:04:45:42.117	10148	75620	5	5	1	0	112.30	53.10
2009:002:04:45:42.117	2009:002:04:49:43.117	10148	75620	5	5	1	1	113.90	53.10
2009:002:04:49:43.117	2009:002:04:54:03.117	10148	75620	5	5	1	1	113.90	59.46
2009:002:04:54:03.117	2009:002:04:58:23.117	10148	75620	5	5	1	1	113.90	70.15
2009:002:04:58:23.117	2009:002:05:02:43.117	10148	75620	5	5	1	1	113.90	80.56
2009:002:05:02:43.117	2009:002:05:06:42.156	10148	75620	5	5	1	1	113.90	86.46
2009:002:05:06:42.156	2009:002:05:44:31.967	10148	75620	5	5	1	1	113.90	87.87
2009:002:05:44:31.967	2009:002:05:59:31.967	10148	-99612	5	5	1	0	112.30	87.87
2009:002:05:59:31.967	2009:002:06:02:31.967	57413	-99612	5	5	1	0	112.30	87.89
2009:002:06:02:31.967	2009:002:06:02:35.967	57413	-99612	5	5	1	0	112.30	87.89
2009:002:06:02:35.967	2009:002:06:02:39.967	57413	-99612	5	5	1	0	112.30	87.89
2009:002:06:02:39.967	2009:002:06:03:03.967	57413	-99612	0	0	1	0	40.00	87.89
2009:002:06:03:03.967	2009:002:06:04:10.967	57413	-99612	6	6	1	0	118.00	87.89
2009:002:06:04:10.967	2009:002:06:04:31.967	57413	-99612	6	6	1	1	129.00	87.89
2009:002:06:04:31.967	2009:002:06:09:31.967	57413	-99612	6	6	1	1	129.00	92.42
2009:002:06:09:31.967	2009:002:06:14:31.967	57413	-99612	6	6	1	1	129.00	108.04
2009:002:06:14:31.967	2009:002:06:19:31.967	57413	-99612	6	6	1	1	129.00	130.04
2009:002:06:19:31.967	2009:002:06:24:00.557	57413	-99612	6	6	1	1	129.00	144.49
2009:002:06:24:00.557	2009:002:07:14:51.967	57413	-99612	6	6	1	1	129.00	148.04
2009:002:07:14:51.967	2009:002:07:17:51.967	57413	-99612	6	6	1	0	118.00	148.04
2009:002:07:17:51.967	2009:002:07:18:00.967	57413	-99612	6	6	1	0	118.00	148.04
2009:002:07:18:00.967	2009:002:08:09:00.557	57413	-99612	6	6	0	0	96.60	148.04
2009:002:08:09:00.557	2009:002:09:54:00.557	57413	-99612	6	6	0	0	96.60	148.09
2009:002:09:54:00.557	2009:002:11:30:20.520	57413	-99612	6	6	0	0	96.60	148.14
2009:002:11:30:20.520	2009:002:11:35:10.520	57412	-99612	6	6	0	0	96.60	148.18
2009:002:11:35:10.520	2009:002:11:40:00.520	57412	-99612	6	6	0	0	96.60	148.29
2009:002:11:40:00.520	2009:002:11:44:50.520	57412	-99612	6	6	0	0	96.60	148.78
2009:002:11:44:50.520	2009:002:11:49:40.520	57412	-99612	6	6	0	0	96.60	149.84
2009:002:11:49:40.520	2009:002:11:54:30.520	57412	-99612	6	6	0	0	96.60	151.20
2009:002:11:54:30.520	2009:002:11:59:20.520	57412	-99612	6	6	0	0	96.60	152.69
2009:002:11:59:20.520	2009:002:12:04:10.520	57412	-99612	6	6	0	0	96.60	154.09
2009:002:12:04:10.520	2009:002:12:09:00.520	57412	-99612	6	6	0	0	96.60	155.17
2009:002:12:09:00.520	2009:002:12:13:21.969	57412	-99612	6	6	0	0	96.60	155.61
2009:002:12:13:21.969	2009:002:13:17:51.967	57412	-99612	6	6	0	0	96.60	155.69
2009:002:13:17:51.967	2009:002:13:22:31.967	57411	-99612	6	6	0	0	96.60	155.68
2009:002:13:22:31.967	2009:002:13:27:11.967	57411	-99612	6	6	0	0	96.60	155.69
2009:002:13:27:11.967	2009:002:13:31:51.967	57411	-99612	6	6	0	0	96.60	155.71
2009:002:13:31:51.967	2009:002:13:36:31.967	57411	-99612	6	6	0	0	96.60	155.76
2009:002:13:36:31.967	2009:002:13:41:11.967	57411	-99612	6	6	0	0	96.60	155.82
2009:002:13:41:11.967	2009:002:13:45:51.967	57411	-99612	6	6	0	0	96.60	155.89
2009:002:13:45:51.967	2009:002:13:50:31.967	57411	-99612	6	6	0	0	96.60	155.95
2009:002:13:50:31.967	2009:002:13:54:51.357	57411	-99612	6	6	0	0	96.60	155.98
2009:002:13:54:51.357	2009:002:14:16:01.354	57411	-99612	6	6	0	0	96.60	155.98
2009:002:14:16:01.354	2009:002:14:20:41.354	57410	-99612	6	6	0	0	96.60	155.97
2009:002:14:20:41.354	2009:002:14:25:21.354	57410	-99612	6	6	0	0	96.60	155.96
2009:002:14:25:21.354	2009:002:14:30:01.354	57410	-99612	6	6	0	0	96.60	155.93
2009:002:14:30:01.354	2009:002:14:34:41.354	57410	-99612	6	6	0	0	96.60	155.87
2009:002:14:34:41.354	2009:002:14:39:21.354	57410	-99612	6	6	0	0	96.60	155.80
2009:002:14:39:21.354	2009:002:14:44:01.354	57410	-99612	6	6	0	0	96.60	155.74
2009:002:14:44:01.354	2009:002:14:48:41.354	57410	-99612	6	6	0	0	96.60	155.70
2009:002:14:48:41.354	2009:002:14:52:58.443	57410	-99612	6	6	0	0	96.60	155.68
2009:002:14:52:58.443	2009:002:15:14:08.440	57410	-99612	6	6	0	0	96.60	155.67
2009:002:15:14:08.440	2009:002:15:18:48.440	57409	-99612	6	6	0	0	96.60	155.67
2009:002:15:18:48.440	2009:002:15:23:28.440	57409	-99612	6	6	0	0	96.60	155.68
2009:002:15:23:28.440	2009:002:15:28:08.440	57409	-99612	6	6	0	0	96.60	155.69
2009:002:15:28:08.440	2009:002:15:32:48.440	57409	-99612	6	6	0	0	96.60	155.73
2009:002:15:32:48.440	2009:002:15:37:28.440	57409	-99612	6	6	0	0	96.60	155.78
2009:002:15:37:28.440	2009:002:15:42:08.440	57409	-99612	6	6	0	0	96.60	155.83
2009:002:15:42:08.440	2009:002:15:46:48.440	57409	-99612	6	6	0	0	96.60	155.88
2009:002:15:46:48.440	2009:002:15:51:04.212	57409	-99612	6	6	0	0	96.60	155.91
2009:002:15:51:04.212	2009:002:17:47:40.125	57409	-99612	6	6	0	0	96.60	155.91
2009:002:17:47:40.125	2009:002:17:52:40.125	57408	-99612	6	6	0	0	96.60	155.84
2009:002:17:52:40.125	2009:002:17:57:40.125	57408	-99612	6	6	0	0	96.60	155.74
2009:002:17:57:40.125	2009:002:18:02:40.125	57408	-99612	6	6	0	0	96.60	155.34
2009:002:18:02:40.125	2009:002:18:07:40.125	57408	-99612	6	6	0	0	96.60	154.65
2009:002:18:07:40.125	2009:002:18:12:40.125	57408	-99612	6	6	0	0	96.60	153.91
2009:002:18:12:40.125	2009:002:18:17:40.125	57408	-99612	6	6	0	0	96.60	153.26
2009:002:18:17:40.125	2009:002:18:21:28.923	57408	-99612	6	6	0	0	96.60	152.94
2009:002:18:21:28.923	2009:002:18:47:04.919	57408	-99612	6	6	0	0	96.60	152.88
2009:002:18:47:04.919	2009:002:18:47:22.919	57408	-99612	6	6	0	0	96.60	152.88
2009:002:18:47:22.919	2009:002:18:48:29.919	57408	-99612	6	6	1	0	118.00	152.88
2009:002:18:48:29.919	2009:002:19:51:28.923	57408	-99612	6	6	1	1	129.00	152.88
2009:002:19:51:28.923	2009:002:21:09:38.919	57408	-99612	6	6	1	1	129.00	152.93
2009:002:21:09:38.919	2009:002:21:12:38.919	57408	-99612	6	6	1	0	118.00	152.93
2009:002:21:12:38.919	2009:002:21:15:38.919	10849	92905	6	6	1	0	118.00	152.97
2009:002:21:15:38.919	2009:002:21:15:42.919	10849	92905	6	6	1	0	118.00	152.97
2009:002:21:15:42.919	2009:002:21:15:46.919	10849	92905	6	6	1	0	118.00	152.97
2009:002:21:15:46.919	2009:002:21:16:10.919	10849	92905	0	0	1	0	40.00	152.97
2009:002:21:16:10.919	2009:002:21:17:17.919	10849	92905	5	5	1	0	112.30	152.97
2009:002:21:17:17.919	2009:002:21:17:28.919	10849	92905	5	5	1	1	113.90	152.97
2009:002:21:17:28.919	2009:002:21:22:18.919	10849	92905	5	5	1	1	113.90	148.89
2009:002:21:22:18.919	2009:002:21:27:08.919	10849	92905	5	5	1	1	113.90	134.66
2009:002:21:27:08.919	2009:002:21:31:58.919	10849	92905	5	5	1	1	113.90	113.89
2009:002:21:31:58.919	2009:002:21:36:37.873	10849	92905	5	5	1	1	113.90	100.00
2009:002:21:36:37.873	2009:002:23:56:37.873	10849	92905	5	5	1	1	113.90	96.22
2009:002:23:56:37.873	2009:003:02:07:47.868	10849	92905	5	5	1	1	113.90	96.27
2009:003:02:07:47.868	2009:003:02:10:47.868	10849	92905	5	5	1	0	112.30	96.32
2009:003:02:10:47.868	2009:003:02:12:37.868	57407	92905	5	5	1	0	112.30	96.32
2009:003:02:12:37.868	2009:003:02:17:27.868	57407	92905	5	5	1	0	112.30	100.51
2009:003:02:17:27.868	2009:003:02:22:17.868	57407	92905	5	5	1	0	112.30	115.03
2009:003:02:22:17.868	2009:003:02:27:07.868	57407	92905	5	5	1	0	112.30	136.10
2009:003:02:27:07.868	2009:003:02:31:44.544	57407	92905	5	5	1	0	112.30	150.09
2009:003:02:31:44.544	2009:003:02:36:24.539	57407	92905	5	5	1	0	112.30	153.84
2009:003:02:36:24.539	2009:003:02:41:14.539	09939	75620	5	5	1	0	112.30	153.85
2009:003:02:41:14.539	2009:003:02:41:15.139	09939	75620	5	5	1	0	112.30	153.73
2009:003:02:41:15.139	2009:003:02:41:19.139	09939	75620	5	5	1	0	112.30	153.73
2009:003:02:41:19.139	2009:003:02:41:23.139	09939	75620	5	5	1	0	112.30	153.73
2009:003:02:41:23.139	2009:003:02:41:47.139	09939	75620	0	0	1	0	40.00	153.73
2009:003:02:41:47.139	2009:003:02:42:54.139	09939	75620	6	6	1	0	118.00	153.73
2009:003:02:42:54.139	2009:003:02:46:04.539	09939	75620	6	6	1	1	129.00	153.73
2009:003:02:46:04.539	2009:003:02:50:54.539	09939	75620	6	6	1	1	129.00	153.10
2009:003:02:50:54.539	2009:003:02:55:44.539	09939	75620	6	6	1	1	129.00	151.63
2009:003:02:55:44.539	2009:003:03:00:34.539	09939	75620	6	6	1	1	129.00	149.75
2009:003:03:00:34.539	2009:003:03:05:24.539	09939	75620	6	6	1	1	129.00	147.79
2009:003:03:05:24.539	2009:003:03:10:14.539	09939	75620	6	6	1	1	129.00	146.00
2009:003:03:10:14.539	2009:003:03:15:04.539	09939	75620	6	6	1	1	129.00	144.60
2009:003:03:15:04.539	2009:003:03:19:54.539	09939	75620	6	6	1	1	129.00	143.76
2009:003:03:19:54.539	2009:003:03:23:58.070	09939	75620	6	6	1	1	129.00	143.53
2009:003:03:23:58.070	2009:003:05:53:58.070	09939	75620	6	6	1	1	129.00	143.51
2009:003:05:53:58.070	2009:003:08:23:58.070	09939	75620	6	6	1	1	129.00	143.47
2009:003:08:23:58.070	2009:003:10:53:58.070	09939	75620	6	6	1	1	129.00	143.43
2009:003:10:53:58.070	2009:003:13:23:58.070	09939	75620	6	6	1	1	129.00	143.38
2009:003:13:23:58.070	2009:003:15:53:58.070	09939	75620	6	6	1	1	129.00	143.34
2009:003:15:53:58.070	2009:003:18:23:58.070	09939	75620	6	6	1	1	129.00	143.30
2009:003:18:23:58.070	2009:003:20:53:58.070	09939	75620	6	6	1	1	129.00	143.26
2009:003:20:53:58.070	2009:003:23:23:58.070	09939	75620	6	6	1	1	129.00	143.21
2009:003:23:23:58.070	2009:004:01:53:58.070	09939	75620	6	6	1	1	129.00	143.17
2009:004:01:53:58.070	2009:004:04:23:58.070	09939	75620	6	6	1	1	129.00	143.12
2009:004:04:23:58.070	2009:004:06:53:58.070	09939	75620	6	6	1	1	129.00	143.08
2009:004:06:53:58.070	2009:004:09:23:58.070	09939	75620	6	6	1	1	129.00	143.03
2009:004:09:23:58.070	2009:004:11:44:56.067	09939	75620	6	6	1	1	129.00	142.99
2009:004:11:44:56.067	2009:004:11:47:56.067	09939	75620	6	6	1	0	118.00	142.95
2009:004:11:47:56.067	2009:004:11:49:36.067	57406	75620	6	6	1	0	118.00	142.95
2009:004:11:49:36.067	2009:004:11:54:16.067	57406	75620	6	6	1	0	118.00	143.44
2009:004:11:54:16.067	2009:004:11:58:56.067	57406	75620	6	6	1	0	118.00	145.29
2009:004:11:58:56.067	2009:004:12:03:36.067	57406	75620	6	6	1	0	118.00	148.38
2009:004:12:03:36.067	2009:004:12:08:16.067	57406	75620	6	6	1	0	118.00	151.48
2009:004:12:08:16.067	2009:004:12:12:38.525	57406	75620	6	6	1	0	118.00	153.28
2009:004:12:12:38.525	2009:004:12:17:18.521	57406	75620	6	6	1	0	118.00	153.71
2009:004:12:17:18.521	2009:004:12:22:09.121	10723	92905	6	6	1	0	118.00	153.71
2009:004:12:22:09.121	2009:004:12:22:13.121	10723	92905	6	6	1	0	118.00	153.71
2009:004:12:22:13.121	2009:004:12:22:17.121	10723	92905	6	6	1	0	118.00	153.71
2009:004:12:22:17.121	2009:004:12:22:18.521	10723	92905	0	0	1	0	40.00	153.71
2009:004:12:22:18.521	2009:004:12:22:41.121	10723	92905	0	0	1	0	40.00	149.16
2009:004:12:22:41.121	2009:004:12:23:48.121	10723	92905	5	5	1	0	112.30	149.16
2009:004:12:23:48.121	2009:004:12:27:18.521	10723	92905	5	5	1	1	113.90	149.16
2009:004:12:27:18.521	2009:004:12:32:18.521	10723	92905	5	5	1	1	113.90	133.46
2009:004:12:32:18.521	2009:004:12:37:18.521	10723	92905	5	5	1	1	113.90	111.09
2009:004:12:37:18.521	2009:004:12:42:18.521	10723	92905	5	5	1	1	113.90	88.87
2009:004:12:42:18.521	2009:004:12:46:52.124	10723	92905	5	5	1	1	113.90	74.17
2009:004:12:46:52.124	2009:004:14:14:42.120	10723	92905	5	5	1	1	113.90	70.46
2009:004:14:14:42.120	2009:004:14:17:42.120	10723	-99612	5	5	1	0	112.30	70.51
2009:004:14:17:42.120	2009:004:14:19:42.120	10625	-99612	5	5	1	0	112.30	70.51
2009:004:14:19:42.120	2009:004:14:24:42.120	10625	-99612	5	5	1	0	112.30	70.31
2009:004:14:24:42.120	2009:004:14:29:42.120	10625	-99612	5	5	1	0	112.30	69.44
2009:004:14:29:42.120	2009:004:14:34:42.120	10625	-99612	5	5	1	0	112.30	67.78
2009:004:14:34:42.120	2009:004:14:39:42.120	10625	-99612	5	5	1	0	112.30	65.87
2009:004:14:39:42.120	2009:004:14:41:26.523	10625	-99612	5	5	1	0	112.30	63.98
2009:004:14:41:26.523	2009:004:14:41:30.523	10625	-99612	5	5	1	0	112.30	63.98
2009:004:14:41:30.523	2009:004:14:41:34.523	10625	-99612	5	5	1	0	112.30	63.98
2009:004:14:41:34.523	2009:004:14:41:58.523	10625	-99612	0	0	1	0	40.00	63.98
2009:004:14:41:58.523	2009:004:14:43:09.523	10625	-99612	5	5	1	0	112.30	63.98
2009:004:14:43:09.523	2009:004:14:44:42.120	10625	-99612	5	5	1	1	113.90	63.98
2009:004:14:44:42.120	2009:004:14:49:42.120	10625	-99612	5	5	1	1	113.90	62.47
2009:004:14:49:42.120	2009:004:14:53:17.526	10625	-99612	5	5	1	1	113.90	61.81
2009:004:14:53:17.526	2009:004:15:31:07.523	10625	-99612	5	5	1	1	113.90	61.72
2009:004:15:31:07.523	2009:004:15:35:07.528	10626	-99612	5	5	1	1	113.90	61.72
2009:004:15:35:07.528	2009:004:16:12:57.523	10626	-99612	5	5	1	1	113.90	61.72
2009:004:16:12:57.523	2009:004:16:16:57.528	10627	-99612	5	5	1	1	113.90	61.72
2009:004:16:16:57.528	2009:004:16:54:47.523	10627	-99612	5	5	1	1	113.90	61.72
2009:004:16:54:47.523	2009:004:16:58:52.955	10628	-99612	5	5	1	1	113.90	61.72
2009:004:16:58:52.955	2009:004:17:33:42.949	10628	-99612	5	5	1	1	113.90	61.72
2009:004:17:33:42.949	2009:004:17:36:42.949	10628	-99612	5	5	1	0	112.30	61.72
2009:004:17:36:42.949	2009:004:17:38:07.597	10624	-50505	5	5	1	0	112.30	61.72
2009:004:17:38:07.597	2009:004:17:42:07.602	10624	-50505	5	5	1	0	112.30	61.72
2009:004:17:42:07.602	2009:004:18:19:57.597	10624	-50505	5	5	1	0	112.30	61.72
2009:004:18:19:57.597	2009:004:18:22:57.597	10474	75620	5	5	1	0	112.30	61.72
2009:004:18:22:57.597	2009:004:18:23:01.597	10474	75620	5	5	1	0	112.30	61.72
2009:004:18:23:01.597	2009:004:18:23:05.597	10474	75620	5	5	1	0	112.30	61.72
2009:004:18:23:05.597	2009:004:18:23:29.597	10474	75620	0	0	1	0	40.00	61.72
2009:004:18:23:29.597	2009:004:18:24:36.597	10474	75620	5	5	1	0	112.30	61.72
2009:004:18:24:36.597	2009:004:18:24:47.597	10474	75620	5	5	1	1	113.90	61.72
2009:004:18:24:47.597	2009:004:18:29:37.597	10474	75620	5	5	1	1	113.90	65.68
2009:004:18:29:37.597	2009:004:18:34:27.597	10474	75620	5	5	1	1	113.90	79.58
2009:004:18:34:27.597	2009:004:18:39:17.597	10474	75620	5	5	1	1	113.90	100.31
2009:004:18:39:17.597	2009:004:18:44:07.597	10474	75620	5	5	1	1	113.90	121.35
2009:004:18:44:07.597	2009:004:18:48:57.597	10474	75620	5	5	1	1	113.90	141.51
2009:004:18:48:57.597	2009:004:18:52:40.989	10474	75620	5	5	1	1	113.90	153.18
2009:004:18:52:40.989	2009:004:20:32:40.989	10474	75620	5	5	1	1	113.90	155.39
2009:004:20:32:40.989	2009:004:21:43:51.918	10474	75620	5	5	1	1	113.90	155.42
2009:004:21:43:51.918	2009:004:21:58:51.918	10474	-99612	5	5	1	0	112.30	155.42
2009:004:21:58:51.918	2009:004:22:01:51.918	57405	-99612	5	5	1	0	112.30	155.45
2009:004:22:01:51.918	2009:004:22:01:55.918	57405	-99612	5	5	1	0	112.30	155.45
2009:004:22:01:55.918	2009:004:22:01:59.918	57405	-99612	5	5	1	0	112.30	155.45
2009:004:22:01:59.918	2009:004:22:02:23.918	57405	-99612	0	0	1	0	40.00	155.45
2009:004:22:02:23.918	2009:004:22:03:30.918	57405	-99612	6	6	1	0	118.00	155.45
2009:004:22:03:30.918	2009:004:22:03:51.918	57405	-99612	6	6	1	1	129.00	155.45
2009:004:22:03:51.918	2009:004:22:08:51.918	57405	-99612	6	6	1	1	129.00	155.46
2009:004:22:08:51.918	2009:004:22:13:51.918	57405	-99612	6	6	1	1	129.00	155.50
2009:004:22:13:51.918	2009:004:22:18:51.918	57405	-99612	6	6	1	1	129.00	155.58
2009:004:22:18:51.918	2009:004:22:23:51.918	57405	-99612	6	6	1	1	129.00	155.67
2009:004:22:23:51.918	2009:004:22:28:51.918	57405	-99612	6	6	1	1	129.00	155.77
2009:004:22:28:51.918	2009:004:22:33:51.918	57405	-99612	6	6	1	1	129.00	155.86
2009:004:22:33:51.918	2009:004:22:38:51.918	57405	-99612	6	6	1	1	129.00	155.92
2009:004:22:38:51.918	2009:004:22:43:21.918	57405	-99612	6	6	1	1	129.00	155.94
2009:004:22:43:21.918	2009:004:22:43:51.918	57405	-99612	6	6	1	0	118.00	155.94
2009:004:22:43:51.918	2009:004:22:46:21.918	57405	-99612	6	6	1	0	118.00	155.94
2009:004:22:46:21.918	2009:004:22:46:30.918	57405	-99612	6	6	1	0	118.00	155.94
2009:004:22:46:30.918	2009:004:22:48:10.375	57405	-99612	6	6	0	0	96.60	155.94
2009:004:22:48:10.375	2009:005:00:13:10.375	57405	-99612	6	6	0	0	96.60	155.93
2009:005:00:13:10.375	2009:005:01:30:27.519	57405	-99612	6	6	0	0	96.60	155.91
2009:005:01:30:27.519	2009:005:01:34:27.519	57404	-99612	6	6	0	0	96.60	155.88
2009:005:01:34:27.519	2009:005:01:38:27.519	57404	-99612	6	6	0	0	96.60	155.75
2009:005:01:38:27.519	2009:005:01:41:51.924	57404	-99612	6	6	0	0	96.60	155.37
2009:005:01:41:51.924	2009:005:03:31:08.603	57404	-99612	6	6	0	0	96.60	155.28
2009:005:03:31:08.603	2009:005:03:35:38.603	57403	-99612	6	6	0	0	96.60	155.26
2009:005:03:35:38.603	2009:005:03:40:08.603	57403	-99612	6	6	0	0	96.60	155.26
2009:005:03:40:08.603	2009:005:03:44:38.603	57403	-99612	6	6	0	0	96.60	155.25
2009:005:03:44:38.603	2009:005:03:49:08.603	57403	-99612	6	6	0	0	96.60	155.23
2009:005:03:49:08.603	2009:005:03:53:38.603	57403	-99612	6	6	0	0	96.60	155.22
2009:005:03:53:38.603	2009:005:03:58:08.603	57403	-99612	6	6	0	0	96.60	155.21
2009:005:03:58:08.603	2009:005:04:02:38.603	57403	-99612	6	6	0	0	96.60	155.20
2009:005:04:02:38.603	2009:005:04:06:33.445	57403	-99612	6	6	0	0	96.60	155.20
2009:005:04:06:33.445	2009:005:05:11:03.441	57403	-99612	6	6	0	0	96.60	155.20
2009:005:05:11:03.441	2009:005:05:15:33.441	57402	-99612	6	6	0	0	96.60	155.16
2009:005:05:15:33.441	2009:005:05:20:03.441	57402	-99612	6	6	0	0	96.60	155.16
2009:005:05:20:03.441	2009:005:05:24:33.441	57402	-99612	6	6	0	0	96.60	155.16
2009:005:05:24:33.441	2009:005:05:29:03.441	57402	-99612	6	6	0	0	96.60	155.17
2009:005:05:29:03.441	2009:005:05:33:33.441	57402	-99612	6	6	0	0	96.60	155.19
2009:005:05:33:33.441	2009:005:05:38:03.441	57402	-99612	6	6	0	0	96.60	155.21
2009:005:05:38:03.441	2009:005:05:42:33.441	57402	-99612	6	6	0	0	96.60	155.23
2009:005:05:42:33.441	2009:005:05:46:24.434	57402	-99612	6	6	0	0	96.60	155.24
2009:005:05:46:24.434	2009:005:06:50:54.431	57402	-99612	6	6	0	0	96.60	155.24
2009:005:06:50:54.431	2009:005:06:55:24.431	57401	-99612	6	6	0	0	96.60	155.23
2009:005:06:55:24.431	2009:005:06:59:54.431	57401	-99612	6	6	0	0	96.60	155.22
2009:005:06:59:54.431	2009:005:07:04:24.431	57401	-99612	6	6	0	0	96.60	155.20
2009:005:07:04:24.431	2009:005:07:08:54.431	57401	-99612	6	6	0	0	96.60	155.17
2009:005:07:08:54.431	2009:005:07:13:24.431	57401	-99612	6	6	0	0	96.60	155.13
2009:005:07:13:24.431	2009:005:07:17:54.431	57401	-99612	6	6	0	0	96.60	155.11
2009:005:07:17:54.431	2009:005:07:22:24.431	57401	-99612	6	6	0	0	96.60	155.09
2009:005:07:22:24.431	2009:005:07:26:13.816	57401	-99612	6	6	0	0	96.60	155.08
2009:005:07:26:13.816	2009:005:08:41:26.915	57401	-99612	6	6	0	0	96.60	155.08
2009:005:08:41:26.915	2009:005:08:46:06.915	57400	-99612	6	6	0	0	96.60	155.04
2009:005:08:46:06.915	2009:005:08:50:46.915	57400	-99612	6	6	0	0	96.60	155.05
2009:005:08:50:46.915	2009:005:08:55:26.915	57400	-99612	6	6	0	0	96.60	155.12
2009:005:08:55:26.915	2009:005:09:00:06.915	57400	-99612	6	6	0	0	96.60	155.27
2009:005:09:00:06.915	2009:005:09:04:46.915	57400	-99612	6	6	0	0	96.60	155.44
2009:005:09:04:46.915	2009:005:09:09:26.915	57400	-99612	6	6	0	0	96.60	155.61
2009:005:09:09:26.915	2009:005:09:14:06.915	57400	-99612	6	6	0	0	96.60	155.76
2009:005:09:14:06.915	2009:005:09:17:59.227	57400	-99612	6	6	0	0	96.60	155.83
2009:005:09:17:59.227	2009:005:09:22:29.224	57400	-99612	6	6	0	0	96.60	155.85
2009:005:09:22:29.224	2009:005:09:22:33.224	57400	-99612	6	6	0	0	96.60	155.85
2009:005:09:22:33.224	2009:005:09:22:37.224	57400	-99612	6	6	0	0	96.60	155.85
2009:005:09:22:37.224	2009:005:09:23:01.224	57400	-99612	0	0	1	0	40.00	155.85
2009:005:09:23:01.224	2009:005:09:24:04.224	57400	-99612	6	6	1	0	118.00	155.85
2009:005:09:24:04.224	2009:005:10:47:59.227	57400	-99612	6	6	1	1	129.00	155.85
2009:005:10:47:59.227	2009:005:12:06:09.224	57400	-99612	6	6	1	1	129.00	155.84
2009:005:12:06:09.224	2009:005:12:09:09.224	57400	-99612	6	6	1	0	118.00	155.84
2009:005:12:09:09.224	2009:005:12:09:29.224	10130	-99612	6	6	1	0	118.00	155.83
2009:005:12:09:29.224	2009:005:12:12:09.224	10130	75620	6	6	1	0	118.00	155.83
2009:005:12:12:09.224	2009:005:12:12:13.224	10130	75620	6	6	1	0	118.00	155.83
2009:005:12:12:13.224	2009:005:12:12:17.224	10130	75620	6	6	1	0	118.00	155.83
2009:005:12:12:17.224	2009:005:12:12:41.224	10130	75620	0	0	1	0	40.00	155.83
2009:005:12:12:41.224	2009:005:12:13:39.224	10130	75620	1	1	1	0	58.30	155.83
2009:005:12:13:39.224	2009:005:12:13:48.224	10130	75620	1	1	1	0	58.30	152.23
2009:005:12:13:48.224	2009:005:12:18:09.224	10130	75620	1	1	1	1	57.00	152.23
2009:005:12:18:09.224	2009:005:12:22:39.224	10130	75620	1	1	1	1	57.00	139.60
2009:005:12:22:39.224	2009:005:12:27:09.224	10130	75620	1	1	1	1	57.00	119.93
2009:005:12:27:09.224	2009:005:12:31:39.224	10130	75620	1	1	1	1	57.00	100.73
2009:005:12:31:39.224	2009:005:12:35:33.387	10130	75620	1	1	1	1	57.00	89.32
2009:005:12:35:33.387	2009:005:14:30:33.387	10130	75620	1	1	1	1	57.00	86.70
2009:005:14:30:33.387	2009:005:16:25:33.387	10130	75620	1	1	1	1	57.00	86.70
2009:005:16:25:33.387	2009:005:18:13:23.382	10130	75620	1	1	1	1	57.00	86.70
2009:005:18:13:23.382	2009:005:18:16:23.382	10130	75620	1	1	1	0	58.30	86.70
2009:005:18:16:23.382	2009:005:18:18:23.382	10839	75620	1	1	1	0	58.30	86.70
2009:005:18:18:23.382	2009:005:18:21:13.982	10839	75620	1	1	1	0	58.30	90.88
2009:005:18:21:13.982	2009:005:18:21:17.982	10839	75620	1	1	1	0	58.30	90.88
2009:005:18:21:17.982	2009:005:18:21:21.982	10839	75620	1	1	1	0	58.30	90.88
2009:005:18:21:21.982	2009:005:18:21:45.982	10839	75620	0	0	1	0	40.00	90.88
2009:005:18:21:45.982	2009:005:18:22:52.982	10839	75620	6	6	1	0	118.00	90.88
2009:005:18:22:52.982	2009:005:18:23:23.382	10839	75620	6	6	1	1	129.00	90.88
2009:005:18:23:23.382	2009:005:18:28:23.382	10839	75620	6	6	1	1	129.00	105.39
2009:005:18:28:23.382	2009:005:18:33:23.382	10839	75620	6	6	1	1	129.00	125.92
2009:005:18:33:23.382	2009:005:18:37:49.484	10839	75620	6	6	1	1	129.00	139.21
2009:005:18:37:49.484	2009:005:20:52:49.484	10839	75620	6	6	1	1	129.00	142.38
2009:005:20:52:49.484	2009:005:23:07:49.484	10839	75620	6	6	1	1	129.00	142.33
2009:005:23:07:49.484	2009:006:01:22:49.484	10839	75620	6	6	1	1	129.00	142.29
2009:006:01:22:49.484	2009:006:03:37:49.484	10839	75620	6	6	1	1	129.00	142.25
2009:006:03:37:49.484	2009:006:05:36:59.982	10839	75620	6	6	1	1	129.00	142.20
2009:006:05:36:59.982	2009:006:05:39:59.982	10839	90519	6	6	1	0	118.00	142.16
2009:006:05:39:59.982	2009:006:05:41:49.982	10445	90519	6	6	1	0	118.00	142.16
2009:006:05:41:49.982	2009:006:05:44:50.582	10445	90519	6	6	1	0	118.00	142.25
2009:006:05:44:50.582	2009:006:05:44:54.582	10445	90519	6	6	1	0	118.00	142.25
2009:006:05:44:54.582	2009:006:05:44:58.582	10445	90519	6	6	1	0	118.00	142.25
2009:006:05:44:58.582	2009:006:05:45:22.582	10445	90519	0	0	1	0	40.00	142.25
2009:006:05:45:22.582	2009:006:05:46:29.582	10445	90519	5	5	1	0	112.30	142.25
2009:006:05:46:29.582	2009:006:05:46:39.982	10445	90519	5	5	1	1	113.90	142.25
2009:006:05:46:39.982	2009:006:05:51:29.982	10445	90519	5	5	1	1	113.90	142.66
2009:006:05:51:29.982	2009:006:05:56:19.982	10445	90519	5	5	1	1	113.90	143.52
2009:006:05:56:19.982	2009:006:06:01:09.982	10445	90519	5	5	1	1	113.90	144.59
2009:006:06:01:09.982	2009:006:06:05:59.982	10445	90519	5	5	1	1	113.90	145.73
2009:006:06:05:59.982	2009:006:06:10:49.982	10445	90519	5	5	1	1	113.90	146.78
2009:006:06:10:49.982	2009:006:06:15:39.982	10445	90519	5	5	1	1	113.90	147.57
2009:006:06:15:39.982	2009:006:06:20:29.982	10445	90519	5	5	1	1	113.90	147.96
2009:006:06:20:29.982	2009:006:06:24:31.544	10445	90519	5	5	1	1	113.90	147.99
2009:006:06:24:31.544	2009:006:08:49:31.544	10445	90519	5	5	1	1	113.90	147.97
2009:006:08:49:31.544	2009:006:11:14:31.544	10445	90519	5	5	1	1	113.90	148.04
2009:006:11:14:31.544	2009:006:13:39:31.544	10445	90519	5	5	1	1	113.90	148.11
2009:006:13:39:31.544	2009:006:16:04:31.544	10445	90519	5	5	1	1	113.90	148.17
2009:006:16:04:31.544	2009:006:18:29:31.544	10445	90519	5	5	1	1	113.90	148.24
2009:006:18:29:31.544	2009:006:20:54:31.544	10445	90519	5	5	1	1	113.90	148.31
2009:006:20:54:31.544	2009:006:23:19:31.544	10445	90519	5	5	1	1	113.90	148.37
2009:006:23:19:31.544	2009:007:01:44:31.544	10445	90519	5	5	1	1	113.90	148.44
2009:007:01:44:31.544	2009:007:03:52:21.543	10445	90519	5	5	1	1	113.90	148.50
2009:007:03:52:21.543	2009:007:03:55:21.543	10445	75620	5	5	1	0	112.30	148.56
2009:007:03:55:21.543	2009:007:03:55:25.543	10274	75620	5	5	1	0	112.30	148.56
2009:007:03:55:25.543	2009:007:03:55:29.543	10274	75620	5	5	1	0	112.30	148.56
2009:007:03:55:29.543	2009:007:03:55:53.543	10274	75620	0	0	1	0	40.00	148.56
2009:007:03:55:53.543	2009:007:03:56:51.543	10274	75620	1	1	1	0	58.30	148.56
2009:007:03:56:51.543	2009:007:03:57:00.543	10274	75620	1	1	1	0	58.30	144.96
2009:007:03:57:00.543	2009:007:04:01:21.543	10274	75620	1	1	1	1	57.00	144.96
2009:007:04:01:21.543	2009:007:04:05:51.543	10274	75620	1	1	1	1	57.00	132.48
2009:007:04:05:51.543	2009:007:04:09:58.997	10274	75620	1	1	1	1	57.00	120.67
2009:007:04:09:58.997	2009:007:05:39:58.997	10274	75620	1	1	1	1	57.00	117.71
2009:007:05:39:58.997	2009:007:07:01:08.992	10274	75620	1	1	1	1	57.00	117.75
2009:007:07:01:08.992	2009:007:07:04:08.992	10274	75620	1	1	1	0	58.30	117.79
2009:007:07:04:08.992	2009:007:07:04:12.992	10737	75620	1	1	1	0	58.30	117.79
2009:007:07:04:12.992	2009:007:07:04:16.992	10737	75620	1	1	1	0	58.30	117.79
2009:007:07:04:16.992	2009:007:07:04:40.992	10737	75620	0	0	1	0	40.00	117.79
2009:007:07:04:40.992	2009:007:07:05:38.992	10737	75620	5	5	1	0	112.30	117.79
2009:007:07:05:38.992	2009:007:07:05:47.992	10737	75620	5	5	1	0	112.30	121.34
2009:007:07:05:47.992	2009:007:07:10:08.992	10737	75620	5	5	1	1	113.90	121.34
2009:007:07:10:08.992	2009:007:07:14:38.992	10737	75620	5	5	1	1	113.90	133.57
2009:007:07:14:38.992	2009:007:07:18:23.594	10737	75620	5	5	1	1	113.90	144.47
2009:007:07:18:23.594	2009:007:08:59:44.992	10737	75620	5	5	1	1	113.90	146.81
2009:007:08:59:44.992	2009:007:09:02:44.992	10737	75620	5	5	1	0	112.30	146.86
2009:007:09:02:44.992	2009:007:09:02:48.992	10283	75620	5	5	1	0	112.30	146.86
2009:007:09:02:48.992	2009:007:09:02:52.992	10283	75620	5	5	1	0	112.30	146.86
2009:007:09:02:52.992	2009:007:09:03:16.992	10283	75620	0	0	1	0	40.00	146.86
2009:007:09:03:16.992	2009:007:09:04:14.992	10283	75620	1	1	1	0	58.30	146.86
2009:007:09:04:14.992	2009:007:09:04:23.992	10283	75620	1	1	1	0	58.30	143.81
2009:007:09:04:23.992	2009:007:09:08:44.992	10283	75620	1	1	1	1	57.00	143.81
2009:007:09:08:44.992	2009:007:09:13:14.992	10283	75620	1	1	1	1	57.00	132.98
2009:007:09:13:14.992	2009:007:09:17:44.992	10283	75620	1	1	1	1	57.00	116.79
2009:007:09:17:44.992	2009:007:09:21:45.397	10283	75620	1	1	1	1	57.00	106.87
2009:007:09:21:45.397	2009:007:10:49:35.391	10283	75620	1	1	1	1	57.00	104.53
2009:007:10:49:35.391	2009:007:10:52:35.391	10283	75620	1	1	1	0	58.30	104.59
2009:007:10:52:35.391	2009:007:10:52:39.391	10740	75620	1	1	1	0	58.30	104.59
2009:007:10:52:39.391	2009:007:10:52:43.391	10740	75620	1	1	1	0	58.30	104.59
2009:007:10:52:43.391	2009:007:10:53:07.391	10740	75620	0	0	1	0	40.00	104.59
2009:007:10:53:07.391	2009:007:10:53:55.391	10740	75620	5	5	1	0	112.30	104.59
2009:007:10:53:55.391	2009:007:10:54:14.391	10740	75620	5	5	1	0	112.30	107.82
2009:007:10:54:14.391	2009:007:10:58:15.391	10740	75620	5	5	1	1	113.90	107.82
2009:007:10:58:15.391	2009:007:11:02:35.391	10740	75620	5	5	1	1	113.90	119.21
2009:007:11:02:35.391	2009:007:11:06:55.391	10740	75620	5	5	1	1	113.90	136.14
2009:007:11:06:55.391	2009:007:11:10:45.524	10740	75620	5	5	1	1	113.90	146.58
2009:007:11:10:45.524	2009:007:12:40:11.229	10740	75620	5	5	1	1	113.90	149.04
2009:007:12:40:11.229	2009:007:12:55:11.229	10740	-99612	5	5	1	0	112.30	149.04
2009:007:12:55:11.229	2009:007:12:58:11.229	57399	-99612	5	5	1	0	112.30	149.10
2009:007:12:58:11.229	2009:007:12:58:15.229	57399	-99612	5	5	1	0	112.30	149.10
2009:007:12:58:15.229	2009:007:12:58:19.229	57399	-99612	5	5	1	0	112.30	149.10
2009:007:12:58:19.229	2009:007:12:58:43.229	57399	-99612	0	0	1	0	40.00	149.10
2009:007:12:58:43.229	2009:007:12:59:50.229	57399	-99612	6	6	1	0	118.00	149.10
2009:007:12:59:50.229	2009:007:12:59:51.229	57399	-99612	6	6	1	1	129.00	149.10
2009:007:12:59:51.229	2009:007:13:04:31.229	57399	-99612	6	6	1	1	129.00	149.26
2009:007:13:04:31.229	2009:007:13:09:11.229	57399	-99612	6	6	1	1	129.00	149.90
2009:007:13:09:11.229	2009:007:13:13:51.229	57399	-99612	6	6	1	1	129.00	151.11
2009:007:13:13:51.229	2009:007:13:18:31.229	57399	-99612	6	6	1	1	129.00	152.53
2009:007:13:18:31.229	2009:007:13:23:11.229	57399	-99612	6	6	1	1	129.00	153.96
2009:007:13:23:11.229	2009:007:13:27:51.229	57399	-99612	6	6	1	1	129.00	155.15
2009:007:13:27:51.229	2009:007:13:31:31.237	57399	-99612	6	6	1	1	129.00	155.68
2009:007:13:31:31.237	2009:007:14:10:31.229	57399	-99612	6	6	1	1	129.00	155.77
2009:007:14:10:31.229	2009:007:14:13:31.229	57399	-99612	6	6	1	0	118.00	155.77
2009:007:14:13:31.229	2009:007:14:13:40.229	57399	-99612	6	6	1	0	118.00	155.77
2009:007:14:13:40.229	2009:007:15:32:52.476	57399	-99612	6	6	0	0	96.60	155.77
2009:007:15:32:52.476	2009:007:15:37:32.476	57398	-99612	6	6	0	0	96.60	155.71
2009:007:15:37:32.476	2009:007:15:42:12.476	57398	-99612	6	6	0	0	96.60	155.68
2009:007:15:42:12.476	2009:007:15:46:52.476	57398	-99612	6	6	0	0	96.60	155.57
2009:007:15:46:52.476	2009:007:15:51:32.476	57398	-99612	6	6	0	0	96.60	155.36
2009:007:15:51:32.476	2009:007:15:56:12.476	57398	-99612	6	6	0	0	96.60	155.12
2009:007:15:56:12.476	2009:007:16:00:52.476	57398	-99612	6	6	0	0	96.60	154.88
2009:007:16:00:52.476	2009:007:16:05:32.476	57398	-99612	6	6	0	0	96.60	154.70
2009:007:16:05:32.476	2009:007:16:09:01.233	57398	-99612	6	6	0	0	96.60	154.62
2009:007:16:09:01.233	2009:007:18:29:01.233	57398	-99612	6	6	0	0	96.60	154.61
2009:007:18:29:01.233	2009:007:20:42:32.246	57398	-99612	6	6	0	0	96.60	154.58
2009:007:20:42:32.246	2009:007:20:47:32.246	57397	-99612	6	6	0	0	96.60	154.55
2009:007:20:47:32.246	2009:007:20:52:32.246	57397	-99612	6	6	0	0	96.60	154.55
2009:007:20:52:32.246	2009:007:20:57:32.246	57397	-99612	6	6	0	0	96.60	154.59
2009:007:20:57:32.246	2009:007:21:02:32.246	57397	-99612	6	6	0	0	96.60	154.72
2009:007:21:02:32.246	2009:007:21:07:32.246	57397	-99612	6	6	0	0	96.60	154.93
2009:007:21:07:32.246	2009:007:21:12:32.246	57397	-99612	6	6	0	0	96.60	155.18
2009:007:21:12:32.246	2009:007:21:17:32.246	57397	-99612	6	6	0	0	96.60	155.44
2009:007:21:17:32.246	2009:007:21:22:32.246	57397	-99612	6	6	0	0	96.60	155.67
2009:007:21:22:32.246	2009:007:21:27:32.246	57397	-99612	6	6	0	0	96.60	155.83
2009:007:21:27:32.246	2009:007:21:31:03.605	57397	-99612	6	6	0	0	96.60	155.89
2009:007:21:31:03.605	2009:007:23:31:03.605	57397	-99612	6	6	0	0	96.60	155.90
2009:007:23:31:03.605	2009:008:00:35:33.603	57397	-99612	6	6	0	0	96.60	155.90
2009:008:00:35:33.603	2009:008:00:35:37.603	57397	-99612	6	6	0	0	96.60	155.90
2009:008:00:35:37.603	2009:008:00:35:41.603	57397	-99612	6	6	0	0	96.60	155.90
2009:008:00:35:41.603	2009:008:00:36:05.603	57397	-99612	0	0	1	0	40.00	155.90
2009:008:00:36:05.603	2009:008:00:37:08.603	57397	-99612	6	6	1	0	118.00	155.90
2009:008:00:37:08.603	2009:008:01:31:03.605	57397	-99612	6	6	1	1	129.00	155.90
2009:008:01:31:03.605	2009:008:03:19:13.603	57397	-99612	6	6	1	1	129.00	155.91
2009:008:03:19:13.603	2009:008:03:22:13.603	57397	-99612	6	6	1	0	118.00	155.91
2009:008:03:22:13.603	2009:008:03:22:33.603	09227	-99612	6	6	1	0	118.00	155.92
2009:008:03:22:33.603	2009:008:03:25:13.603	09227	75620	6	6	1	0	118.00	155.92
2009:008:03:25:13.603	2009:008:03:25:17.603	09227	75620	6	6	1	0	118.00	155.92
2009:008:03:25:17.603	2009:008:03:25:21.603	09227	75620	6	6	1	0	118.00	155.92
2009:008:03:25:21.603	2009:008:03:25:45.603	09227	75620	0	0	1	0	40.00	155.92
2009:008:03:25:45.603	2009:008:03:26:52.603	09227	75620	5	5	1	0	112.30	155.92
2009:008:03:26:52.603	2009:008:03:27:13.603	09227	75620	5	5	1	1	113.90	155.92
2009:008:03:27:13.603	2009:008:03:32:13.603	09227	75620	5	5	1	1	113.90	151.49
2009:008:03:32:13.603	2009:008:03:37:13.603	09227	75620	5	5	1	1	113.90	136.16
2009:008:03:37:13.603	2009:008:03:42:13.603	09227	75620	5	5	1	1	113.90	114.44
2009:008:03:42:13.603	2009:008:03:46:57.525	09227	75620	5	5	1	1	113.90	99.72
2009:008:03:46:57.525	2009:008:05:16:57.525	09227	75620	5	5	1	1	113.90	95.80
2009:008:05:16:57.525	2009:008:06:38:07.520	09227	75620	5	5	1	1	113.90	95.82
2009:008:06:38:07.520	2009:008:06:41:07.520	09227	75620	5	5	1	0	112.30	95.85
2009:008:06:41:07.520	2009:008:06:41:11.520	10303	75620	5	5	1	0	112.30	95.85
2009:008:06:41:11.520	2009:008:06:41:15.520	10303	75620	5	5	1	0	112.30	95.85
2009:008:06:41:15.520	2009:008:06:41:39.520	10303	75620	0	0	1	0	40.00	95.85
2009:008:06:41:39.520	2009:008:06:42:46.520	10303	75620	6	6	1	0	118.00	95.85
2009:008:06:42:46.520	2009:008:06:43:07.520	10303	75620	6	6	1	1	129.00	95.85
2009:008:06:43:07.520	2009:008:06:48:07.520	10303	75620	6	6	1	1	129.00	99.58
2009:008:06:48:07.520	2009:008:06:53:07.520	10303	75620	6	6	1	1	129.00	112.71
2009:008:06:53:07.520	2009:008:06:58:07.520	10303	75620	6	6	1	1	129.00	131.63
2009:008:06:58:07.520	2009:008:07:02:53.042	10303	75620	6	6	1	1	129.00	144.42
2009:008:07:02:53.042	2009:008:09:27:53.042	10303	75620	6	6	1	1	129.00	147.78
2009:008:09:27:53.042	2009:008:11:52:53.042	10303	75620	6	6	1	1	129.00	147.75
2009:008:11:52:53.042	2009:008:14:17:53.042	10303	75620	6	6	1	1	129.00	147.73
2009:008:14:17:53.042	2009:008:16:42:53.042	10303	75620	6	6	1	1	129.00	147.70
2009:008:16:42:53.042	2009:008:19:07:53.042	10303	75620	6	6	1	1	129.00	147.68
2009:008:19:07:53.042	2009:008:21:32:53.042	10303	75620	6	6	1	1	129.00	147.65
2009:008:21:32:53.042	2009:008:23:50:38.520	10303	75620	6	6	1	1	129.00	147.62
2009:008:23:50:38.520	2009:008:23:53:38.520	10303	75620	6	6	1	0	118.00	147.60
2009:008:23:53:38.520	2009:008:23:55:28.520	57396	75620	6	6	1	0	118.00	147.60
2009:008:23:55:28.520	2009:009:00:00:18.520	57396	75620	6	6	1	0	118.00	147.66
2009:009:00:00:18.520	2009:009:00:05:08.520	57396	75620	6	6	1	0	118.00	147.99
2009:009:00:05:08.520	2009:009:00:09:58.520	57396	75620	6	6	1	0	118.00	148.78
2009:009:00:09:58.520	2009:009:00:14:48.520	57396	75620	6	6	1	0	118.00	149.87
2009:009:00:14:48.520	2009:009:00:19:38.520	57396	75620	6	6	1	0	118.00	151.11
2009:009:00:19:38.520	2009:009:00:24:28.520	57396	75620	6	6	1	0	118.00	152.34
2009:009:00:24:28.520	2009:009:00:29:18.520	57396	75620	6	6	1	0	118.00	153.36
2009:009:00:29:18.520	2009:009:00:33:54.906	57396	75620	6	6	1	0	118.00	153.85
2009:009:00:33:54.906	2009:009:00:38:34.903	57396	75620	6	6	1	0	118.00	153.95
2009:009:00:38:34.903	2009:009:00:41:34.903	09332	89822	6	6	1	0	118.00	153.94
2009:009:00:41:34.903	2009:009:00:41:38.903	09332	89822	6	6	1	0	118.00	153.94
2009:009:00:41:38.903	2009:009:00:41:42.903	09332	89822	6	6	1	0	118.00	153.94
2009:009:00:41:42.903	2009:009:00:42:06.903	09332	89822	0	0	1	0	40.00	153.94
2009:009:00:42:06.903	2009:009:00:43:13.903	09332	89822	5	5	1	0	112.30	153.94
2009:009:00:43:13.903	2009:009:00:43:14.903	09332	89822	5	5	1	1	113.90	153.94
2009:009:00:43:14.903	2009:009:00:47:54.903	09332	89822	5	5	1	1	113.90	150.17
2009:009:00:47:54.903	2009:009:00:52:34.903	09332	89822	5	5	1	1	113.90	137.00
2009:009:00:52:34.903	2009:009:00:57:14.903	09332	89822	5	5	1	1	113.90	117.46
2009:009:00:57:14.903	2009:009:01:01:41.513	09332	89822	5	5	1	1	113.90	104.77
2009:009:01:01:41.513	2009:009:03:11:41.513	09332	89822	5	5	1	1	113.90	101.40
2009:009:03:11:41.513	2009:009:05:16:11.508	09332	89822	5	5	1	1	113.90	101.39
2009:009:05:16:11.508	2009:009:05:19:11.508	09332	73178	5	5	1	0	112.30	101.38
2009:009:05:19:11.508	2009:009:05:20:31.508	10695	73178	5	5	1	0	112.30	101.38
2009:009:05:20:31.508	2009:009:05:24:02.108	10695	73178	5	5	1	0	112.30	98.93
2009:009:05:24:02.108	2009:009:05:24:06.108	10695	73178	5	5	1	0	112.30	98.93
2009:009:05:24:06.108	2009:009:05:24:10.108	10695	73178	5	5	1	0	112.30	98.93
2009:009:05:24:10.108	2009:009:05:24:34.108	10695	73178	0	0	1	0	40.00	98.93
2009:009:05:24:34.108	2009:009:05:24:51.508	10695	73178	6	6	1	0	118.00	98.93
2009:009:05:24:51.508	2009:009:05:25:41.108	10695	73178	6	6	1	0	118.00	90.09
2009:009:05:25:41.108	2009:009:05:29:11.508	10695	73178	6	6	1	1	129.00	90.09
2009:009:05:29:11.508	2009:009:05:33:31.508	10695	73178	6	6	1	1	129.00	75.50
2009:009:05:33:31.508	2009:009:05:37:51.508	10695	73178	6	6	1	1	129.00	61.39
2009:009:05:37:51.508	2009:009:05:41:31.499	10695	73178	6	6	1	1	129.00	53.52
2009:009:05:41:31.499	2009:009:07:56:31.499	10695	73178	6	6	1	1	129.00	51.85
2009:009:07:56:31.499	2009:009:10:11:31.499	10695	73178	6	6	1	1	129.00	51.90
2009:009:10:11:31.499	2009:009:12:26:31.499	10695	73178	6	6	1	1	129.00	51.96
2009:009:12:26:31.499	2009:009:14:41:31.499	10695	73178	6	6	1	1	129.00	52.02
2009:009:14:41:31.499	2009:009:16:27:58.494	10695	73178	6	6	1	1	129.00	52.07
2009:009:16:27:58.494	2009:009:16:30:58.494	10695	75620	6	6	1	0	118.00	52.12
2009:009:16:30:58.494	2009:009:16:32:28.494	10146	75620	6	6	1	0	118.00	52.12
2009:009:16:32:28.494	2009:009:16:35:49.094	10146	75620	6	6	1	0	118.00	55.74
2009:009:16:35:49.094	2009:009:16:35:53.094	10146	75620	6	6	1	0	118.00	55.74
2009:009:16:35:53.094	2009:009:16:35:57.094	10146	75620	6	6	1	0	118.00	55.74
2009:009:16:35:57.094	2009:009:16:36:21.094	10146	75620	0	0	1	0	40.00	55.74
2009:009:16:36:21.094	2009:009:16:36:58.494	10146	75620	5	5	1	0	112.30	55.74
2009:009:16:36:58.494	2009:009:16:37:28.094	10146	75620	5	5	1	0	112.30	68.39
2009:009:16:37:28.094	2009:009:16:41:28.494	10146	75620	5	5	1	1	113.90	68.39
2009:009:16:41:28.494	2009:009:16:45:58.494	10146	75620	5	5	1	1	113.90	88.11
2009:009:16:45:58.494	2009:009:16:50:28.494	10146	75620	5	5	1	1	113.90	108.35
2009:009:16:50:28.494	2009:009:16:54:58.494	10146	75620	5	5	1	1	113.90	127.73
2009:009:16:54:58.494	2009:009:16:59:02.272	10146	75620	5	5	1	1	113.90	139.49
2009:009:16:59:02.272	2009:009:17:36:52.267	10146	75620	5	5	1	1	113.90	142.36
2009:009:17:36:52.267	2009:009:17:39:52.267	10146	75620	5	5	1	0	112.30	142.38
2009:009:17:39:52.267	2009:009:17:39:56.267	10361	75620	5	5	1	0	112.30	142.38
2009:009:17:39:56.267	2009:009:17:40:00.267	10361	75620	5	5	1	0	112.30	142.38
2009:009:17:40:00.267	2009:009:17:40:24.267	10361	75620	0	0	1	0	40.00	142.38
2009:009:17:40:24.267	2009:009:17:41:31.267	10361	75620	6	6	1	0	118.00	142.38
2009:009:17:41:31.267	2009:009:17:41:52.267	10361	75620	6	6	1	1	129.00	142.38
2009:009:17:41:52.267	2009:009:17:46:52.267	10361	75620	6	6	1	1	129.00	144.18
2009:009:17:46:52.267	2009:009:17:51:27.251	10361	75620	6	6	1	1	129.00	149.04
2009:009:17:51:27.251	2009:009:19:16:27.251	10361	75620	6	6	1	1	129.00	150.52
2009:009:19:16:27.251	2009:009:20:26:32.267	10361	75620	6	6	1	1	129.00	150.57
2009:009:20:26:32.267	2009:009:20:29:32.267	10361	75620	6	6	1	0	118.00	150.62
2009:009:20:29:32.267	2009:009:20:29:36.267	10750	75620	6	6	1	0	118.00	150.62
2009:009:20:29:36.267	2009:009:20:29:40.267	10750	75620	6	6	1	0	118.00	150.62
2009:009:20:29:40.267	2009:009:20:30:04.267	10750	75620	0	0	1	0	40.00	150.62
2009:009:20:30:04.267	2009:009:20:31:02.267	10750	75620	5	5	1	0	112.30	150.62
2009:009:20:31:02.267	2009:009:20:31:11.267	10750	75620	5	5	1	0	112.30	151.65
2009:009:20:31:11.267	2009:009:20:35:16.151	10750	75620	5	5	1	1	113.90	151.65
2009:009:20:35:16.151	2009:009:22:25:08.267	10750	75620	5	5	1	1	113.90	152.57
2009:009:22:25:08.267	2009:009:22:28:08.267	10750	75620	5	5	1	0	112.30	152.64
2009:009:22:28:08.267	2009:009:22:30:08.267	57395	75620	5	5	1	0	112.30	152.64
2009:009:22:30:08.267	2009:009:22:35:08.267	57395	75620	5	5	1	0	112.30	152.63
2009:009:22:35:08.267	2009:009:22:40:08.267	57395	75620	5	5	1	0	112.30	152.55
2009:009:22:40:08.267	2009:009:22:45:08.267	57395	75620	5	5	1	0	112.30	152.29
2009:009:22:45:08.267	2009:009:22:50:08.267	57395	75620	5	5	1	0	112.30	151.91
2009:009:22:50:08.267	2009:009:22:55:08.267	57395	75620	5	5	1	0	112.30	151.48
2009:009:22:55:08.267	2009:009:23:00:08.267	57395	75620	5	5	1	0	112.30	151.05
2009:009:23:00:08.267	2009:009:23:05:08.267	57395	75620	5	5	1	0	112.30	150.69
2009:009:23:05:08.267	2009:009:23:10:08.267	57395	75620	5	5	1	0	112.30	150.46
2009:009:23:10:08.267	2009:009:23:14:55.652	57395	75620	5	5	1	0	112.30	150.38
2009:009:23:14:55.652	2009:009:23:19:35.651	57395	75620	5	5	1	0	112.30	150.38
2009:009:23:19:35.651	2009:009:23:22:35.651	10551	92905	5	5	1	0	112.30	150.37
2009:009:23:22:35.651	2009:009:23:22:39.651	10551	92905	5	5	1	0	112.30	150.37
2009:009:23:22:39.651	2009:009:23:22:43.651	10551	92905	5	5	1	0	112.30	150.37
2009:009:23:22:43.651	2009:009:23:23:07.651	10551	92905	0	0	1	0	40.00	150.37
2009:009:23:23:07.651	2009:009:23:24:14.651	10551	92905	6	6	1	0	118.00	150.37
2009:009:23:24:14.651	2009:009:23:24:15.651	10551	92905	6	6	1	1	129.00	150.37
2009:009:23:24:15.651	2009:009:23:28:55.651	10551	92905	6	6	1	1	129.00	146.46
2009:009:23:28:55.651	2009:009:23:33:35.651	10551	92905	6	6	1	1	129.00	132.83
2009:009:23:33:35.651	2009:009:23:38:15.651	10551	92905	6	6	1	1	129.00	112.77
2009:009:23:38:15.651	2009:009:23:42:31.926	10551	92905	6	6	1	1	129.00	99.98
2009:009:23:42:31.926	2009:010:01:12:26.651	10551	92905	6	6	1	1	129.00	96.76
2009:010:01:12:26.651	2009:010:01:15:26.651	10551	75620	6	6	1	0	118.00	96.71
2009:010:01:15:26.651	2009:010:01:15:30.651	10653	75620	6	6	1	0	118.00	96.71
2009:010:01:15:30.651	2009:010:01:15:34.651	10653	75620	6	6	1	0	118.00	96.71
2009:010:01:15:34.651	2009:010:01:15:58.651	10653	75620	0	0	1	0	40.00	96.71
2009:010:01:15:58.651	2009:010:01:17:05.651	10653	75620	1	1	1	0	58.30	96.71
2009:010:01:17:05.651	2009:010:01:17:06.651	10653	75620	1	1	1	1	57.00	96.71
2009:010:01:17:06.651	2009:010:01:21:46.651	10653	75620	1	1	1	1	57.00	96.02
2009:010:01:21:46.651	2009:010:01:26:26.651	10653	75620	1	1	1	1	57.00	93.18
2009:010:01:26:26.651	2009:010:01:31:06.651	10653	75620	1	1	1	1	57.00	87.80
2009:010:01:31:06.651	2009:010:01:35:46.651	10653	75620	1	1	1	1	57.00	81.63
2009:010:01:35:46.651	2009:010:01:40:26.651	10653	75620	1	1	1	1	57.00	75.48
2009:010:01:40:26.651	2009:010:01:45:06.651	10653	75620	1	1	1	1	57.00	70.34
2009:010:01:45:06.651	2009:010:01:48:59.793	10653	75620	1	1	1	1	57.00	67.91
2009:010:01:48:59.793	2009:010:03:08:59.793	10653	75620	1	1	1	1	57.00	67.46
2009:010:03:08:59.793	2009:010:04:06:50.593	10653	75620	1	1	1	1	57.00	67.45
2009:010:04:06:50.593	2009:010:04:21:50.593	10653	-99612	1	1	1	0	58.30	67.45
2009:010:04:21:50.593	2009:010:04:24:50.593	57394	-99612	1	1	1	0	58.30	67.44
2009:010:04:24:50.593	2009:010:04:24:54.593	57394	-99612	1	1	1	0	58.30	67.44
2009:010:04:24:54.593	2009:010:04:24:58.593	57394	-99612	1	1	1	0	58.30	67.44
2009:010:04:24:58.593	2009:010:04:25:22.593	57394	-99612	0	0	1	0	40.00	67.44
2009:010:04:25:22.593	2009:010:04:26:20.593	57394	-99612	6	6	1	0	118.00	67.44
2009:010:04:26:20.593	2009:010:04:26:29.593	57394	-99612	6	6	1	0	118.00	71.06
2009:010:04:26:29.593	2009:010:04:30:50.593	57394	-99612	6	6	1	1	129.00	71.06
2009:010:04:30:50.593	2009:010:04:35:20.593	57394	-99612	6	6	1	1	129.00	83.71
2009:010:04:35:20.593	2009:010:04:39:50.593	57394	-99612	6	6	1	1	129.00	103.43
2009:010:04:39:50.593	2009:010:04:44:20.593	57394	-99612	6	6	1	1	129.00	123.68
2009:010:04:44:20.593	2009:010:04:48:50.593	57394	-99612	6	6	1	1	129.00	142.60
2009:010:04:48:50.593	2009:010:04:52:25.801	57394	-99612	6	6	1	1	129.00	153.40
2009:010:04:52:25.801	2009:010:05:37:10.593	57394	-99612	6	6	1	1	129.00	155.56
2009:010:05:37:10.593	2009:010:05:40:10.593	57394	-99612	6	6	1	0	118.00	155.56
2009:010:05:40:10.593	2009:010:05:40:19.593	57394	-99612	6	6	1	0	118.00	155.56
2009:010:05:40:19.593	2009:010:07:01:33.303	57394	-99612	6	6	0	0	96.60	155.56
2009:010:07:01:33.303	2009:010:07:06:33.303	57393	-99612	6	6	0	0	96.60	155.54
2009:010:07:06:33.303	2009:010:07:11:33.303	57393	-99612	6	6	0	0	96.60	155.38
2009:010:07:11:33.303	2009:010:07:16:33.303	57393	-99612	6	6	0	0	96.60	154.70
2009:010:07:16:33.303	2009:010:07:21:33.303	57393	-99612	6	6	0	0	96.60	153.54
2009:010:07:21:33.303	2009:010:07:26:33.303	57393	-99612	6	6	0	0	96.60	152.33
2009:010:07:26:33.303	2009:010:07:31:33.303	57393	-99612	6	6	0	0	96.60	151.27
2009:010:07:31:33.303	2009:010:07:35:40.597	57393	-99612	6	6	0	0	96.60	150.72
2009:010:07:35:40.597	2009:010:08:40:10.593	57393	-99612	6	6	0	0	96.60	150.62
2009:010:08:40:10.593	2009:010:08:44:50.593	57392	-99612	6	6	0	0	96.60	150.58
2009:010:08:44:50.593	2009:010:08:49:30.593	57392	-99612	6	6	0	0	96.60	150.68
2009:010:08:49:30.593	2009:010:08:54:10.593	57392	-99612	6	6	0	0	96.60	151.08
2009:010:08:54:10.593	2009:010:08:58:50.593	57392	-99612	6	6	0	0	96.60	151.79
2009:010:08:58:50.593	2009:010:09:03:30.593	57392	-99612	6	6	0	0	96.60	152.56
2009:010:09:03:30.593	2009:010:09:08:10.593	57392	-99612	6	6	0	0	96.60	153.24
2009:010:09:08:10.593	2009:010:09:12:04.781	57392	-99612	6	6	0	0	96.60	153.59
2009:010:09:12:04.781	2009:010:10:24:40.339	57392	-99612	6	6	0	0	96.60	153.66
2009:010:10:24:40.339	2009:010:10:29:20.339	57391	-99612	6	6	0	0	96.60	153.64
2009:010:10:29:20.339	2009:010:10:34:00.339	57391	-99612	6	6	0	0	96.60	153.53
2009:010:10:34:00.339	2009:010:10:38:40.339	57391	-99612	6	6	0	0	96.60	153.11
2009:010:10:38:40.339	2009:010:10:43:20.339	57391	-99612	6	6	0	0	96.60	152.38
2009:010:10:43:20.339	2009:010:10:48:00.339	57391	-99612	6	6	0	0	96.60	151.59
2009:010:10:48:00.339	2009:010:10:52:40.339	57391	-99612	6	6	0	0	96.60	150.91
2009:010:10:52:40.339	2009:010:10:56:33.445	57391	-99612	6	6	0	0	96.60	150.56
2009:010:10:56:33.445	2009:010:12:41:33.445	57391	-99612	6	6	0	0	96.60	150.50
2009:010:12:41:33.445	2009:010:14:26:33.445	57391	-99612	6	6	0	0	96.60	150.43
2009:010:14:26:33.445	2009:010:16:03:57.219	57391	-99612	6	6	0	0	96.60	150.36
2009:010:16:03:57.219	2009:010:16:08:37.219	57390	-99612	6	6	0	0	96.60	150.30
2009:010:16:08:37.219	2009:010:16:13:17.219	57390	-99612	6	6	0	0	96.60	150.37
2009:010:16:13:17.219	2009:010:16:17:57.219	57390	-99612	6	6	0	0	96.60	150.72
2009:010:16:17:57.219	2009:010:16:22:37.219	57390	-99612	6	6	0	0	96.60	151.46
2009:010:16:22:37.219	2009:010:16:27:17.219	57390	-99612	6	6	0	0	96.60	152.42
2009:010:16:27:17.219	2009:010:16:31:57.219	57390	-99612	6	6	0	0	96.60	153.46
2009:010:16:31:57.219	2009:010:16:36:37.219	57390	-99612	6	6	0	0	96.60	154.46
2009:010:16:36:37.219	2009:010:16:41:17.219	57390	-99612	6	6	0	0	96.60	155.24
2009:010:16:41:17.219	2009:010:16:45:26.180	57390	-99612	6	6	0	0	96.60	155.58
2009:010:16:45:26.180	2009:010:17:11:02.177	57390	-99612	6	6	0	0	96.60	155.65
2009:010:17:11:02.177	2009:010:17:11:20.177	57390	-99612	6	6	0	0	96.60	155.65
2009:010:17:11:20.177	2009:010:17:12:27.177	57390	-99612	6	6	1	0	118.00	155.65
2009:010:17:12:27.177	2009:010:18:51:56.177	57390	-99612	6	6	1	1	129.00	155.65
2009:010:18:51:56.177	2009:010:18:54:56.177	57390	-99612	6	6	1	0	118.00	155.65
2009:010:18:54:56.177	2009:010:18:57:56.177	09933	75504	6	6	1	0	118.00	155.68
2009:010:18:57:56.177	2009:010:18:58:00.177	09933	75504	6	6	1	0	118.00	155.68
2009:010:18:58:00.177	2009:010:18:58:04.177	09933	75504	6	6	1	0	118.00	155.68
2009:010:18:58:04.177	2009:010:18:58:28.177	09933	75504	0	0	1	0	40.00	155.68
2009:010:18:58:28.177	2009:010:18:59:26.177	09933	75504	1	1	1	0	58.30	155.68
2009:010:18:59:26.177	2009:010:18:59:35.177	09933	75504	1	1	1	0	58.30	152.11
2009:010:18:59:35.177	2009:010:19:03:56.177	09933	75504	1	1	1	1	57.00	152.11
2009:010:19:03:56.177	2009:010:19:08:26.177	09933	75504	1	1	1	1	57.00	139.60
2009:010:19:08:26.177	2009:010:19:12:56.177	09933	75504	1	1	1	1	57.00	120.07
2009:010:19:12:56.177	2009:010:19:17:26.177	09933	75504	1	1	1	1	57.00	101.50
2009:010:19:17:26.177	2009:010:19:20:53.039	09933	75504	1	1	1	1	57.00	91.11
2009:010:19:20:53.039	2009:010:21:30:53.039	09933	75504	1	1	1	1	57.00	89.17
2009:010:21:30:53.039	2009:010:23:35:23.034	09933	75504	1	1	1	1	57.00	89.21
2009:010:23:35:23.034	2009:010:23:38:23.034	09933	-99612	1	1	1	0	58.30	89.26
2009:010:23:38:23.034	2009:010:23:39:53.034	10771	-99612	1	1	1	0	58.30	89.26
2009:010:23:39:53.034	2009:010:23:44:23.034	10771	-99612	1	1	1	0	58.30	91.10
2009:010:23:44:23.034	2009:010:23:48:53.034	10771	-99612	1	1	1	0	58.30	97.97
2009:010:23:48:53.034	2009:010:23:53:23.034	10771	-99612	1	1	1	0	58.30	109.64
2009:010:23:53:23.034	2009:010:23:53:46.280	10771	-99612	1	1	1	0	58.30	122.13
2009:010:23:53:46.280	2009:010:23:53:50.280	10771	-99612	1	1	1	0	58.30	122.13
2009:010:23:53:50.280	2009:010:23:53:54.280	10771	-99612	1	1	1	0	58.30	122.13
2009:010:23:53:54.280	2009:010:23:54:18.280	10771	-99612	0	0	1	0	40.00	122.13
2009:010:23:54:18.280	2009:010:23:55:25.280	10771	-99612	5	5	1	0	112.30	122.13
2009:010:23:55:25.280	2009:010:23:57:53.034	10771	-99612	5	5	1	1	113.90	122.13
2009:010:23:57:53.034	2009:011:00:02:23.034	10771	-99612	5	5	1	1	113.90	133.17
2009:011:00:02:23.034	2009:011:00:02:23.034	10771	-99612	5	5	1	1	113.90	138.63
