tstart	tstop	obsid	simpos	feps	ccds	vid	clk	power	pitch
2009:270:16:56:50.536	2009:270:16:59:50.536		92905	1	1	1	0	58.30	51.61
2009:270:16:59:50.536	2009:270:16:59:54.536	10450	92905	1	1	1	0	58.30	51.61
2009:270:16:59:54.536	2009:270:16:59:58.536	10450	92905	1	1	1	0	58.30	51.61
2009:270:16:59:58.536	2009:270:17:00:22.536	10450	92905	0	0	1	0	40.00	51.61
2009:270:17:00:22.536	2009:270:17:01:29.536	10450	92905	5	5	1	0	112.30	51.61
2009:270:17:01:29.536	2009:270:17:01:40.536	10450	92905	5	5	1	1	113.90	51.61
2009:270:17:01:40.536	2009:270:17:06:30.536	10450	92905	5	5	1	1	113.90	51.13
2009:270:17:06:30.536	2009:270:17:11:20.536	10450	92905	5	5	1	1	113.90	49.41
2009:270:17:11:20.536	2009:270:17:15:41.086	10450	92905	5	5	1	1	113.90	47.79
2009:270:17:15:41.086	2009:270:19:30:41.086	10450	92905	5	5	1	1	113.90	47.40
2009:270:19:30:41.086	2009:270:21:45:41.086	10450	92905	5	5	1	1	113.90	47.37
2009:270:21:45:41.086	2009:270:23:47:06.536	10450	92905	5	5	1	1	113.90	47.35
2009:270:23:47:06.536	2009:270:23:50:06.536	10450	75620	5	5	1	0	112.30	47.33
2009:270:23:50:06.536	2009:270:23:50:10.536	11579	75620	5	5	1	0	112.30	47.33
2009:270:23:50:10.536	2009:270:23:50:14.536	11579	75620	5	5	1	0	112.30	47.33
2009:270:23:50:14.536	2009:270:23:50:38.536	11579	75620	0	0	1	0	40.00	47.33
2009:270:23:50:38.536	2009:270:23:51:45.536	11579	75620	4	4	1	0	92.00	47.33
2009:270:23:51:45.536	2009:270:23:51:56.536	11579	75620	4	4	1	1	99.20	47.33
2009:270:23:51:56.536	2009:270:23:56:29.889	11579	75620	4	4	1	1	99.20	51.15
2009:270:23:56:29.889	2009:271:02:26:29.889	11579	75620	4	4	1	1	99.20	54.57
2009:271:02:26:29.889	2009:271:04:56:29.889	11579	75620	4	4	1	1	99.20	54.55
2009:271:04:56:29.889	2009:271:07:26:29.889	11579	75620	4	4	1	1	99.20	54.53
2009:271:07:26:29.889	2009:271:09:56:29.889	11579	75620	4	4	1	1	99.20	54.51
2009:271:09:56:29.889	2009:271:12:26:29.889	11579	75620	4	4	1	1	99.20	54.50
2009:271:12:26:29.889	2009:271:14:56:29.889	11579	75620	4	4	1	1	99.20	54.48
2009:271:14:56:29.889	2009:271:17:26:29.889	11579	75620	4	4	1	1	99.20	54.46
2009:271:17:26:29.889	2009:271:19:39:28.536	11579	75620	4	4	1	1	99.20	54.44
2009:271:19:39:28.536	2009:271:19:42:28.536	11579	75620	4	4	1	0	92.00	54.42
2009:271:19:42:28.536	2009:271:19:44:08.536	56804	75620	4	4	1	0	92.00	54.42
2009:271:19:44:08.536	2009:271:19:48:48.536	56804	75620	4	4	1	0	92.00	58.04
2009:271:19:48:48.536	2009:271:19:53:28.536	56804	75620	4	4	1	0	92.00	70.80
2009:271:19:53:28.536	2009:271:19:58:08.536	56804	75620	4	4	1	0	92.00	90.40
2009:271:19:58:08.536	2009:271:20:02:48.536	56804	75620	4	4	1	0	92.00	110.37
2009:271:20:02:48.536	2009:271:20:07:28.536	56804	75620	4	4	1	0	92.00	129.20
2009:271:20:07:28.536	2009:271:20:11:16.413	56804	75620	4	4	1	0	92.00	139.99
2009:271:20:11:16.413	2009:271:20:15:56.409	56804	75620	4	4	1	0	92.00	142.18
2009:271:20:15:56.409	2009:271:20:18:56.409	11351	75620	4	4	1	0	92.00	142.18
2009:271:20:18:56.409	2009:271:20:19:00.409	11351	75620	4	4	1	0	92.00	142.18
2009:271:20:19:00.409	2009:271:20:19:04.409	11351	75620	4	4	1	0	92.00	142.18
2009:271:20:19:04.409	2009:271:20:19:28.409	11351	75620	0	0	1	0	40.00	142.18
2009:271:20:19:28.409	2009:271:20:20:26.409	11351	75620	6	6	1	0	118.00	142.18
2009:271:20:20:26.409	2009:271:20:20:35.409	11351	75620	6	6	1	0	118.00	142.40
2009:271:20:20:35.409	2009:271:20:24:56.409	11351	75620	6	6	1	1	129.00	142.40
2009:271:20:24:56.409	2009:271:20:29:26.409	11351	75620	6	6	1	1	129.00	143.23
2009:271:20:29:26.409	2009:271:20:33:56.409	11351	75620	6	6	1	1	129.00	144.73
2009:271:20:33:56.409	2009:271:20:38:26.409	11351	75620	6	6	1	1	129.00	146.35
2009:271:20:38:26.409	2009:271:20:42:56.409	11351	75620	6	6	1	1	129.00	147.78
2009:271:20:42:56.409	2009:271:20:46:33.057	11351	75620	6	6	1	1	129.00	148.49
2009:271:20:46:33.057	2009:271:22:54:22.281	11351	75620	6	6	1	1	129.00	148.62
2009:271:22:54:22.281	2009:271:22:55:58.715	11351	-99612	6	6	1	0	118.00	148.62
2009:271:22:55:58.715	2009:271:22:57:22.281	11351	-99612	6	6	1	0	118.00	148.70
2009:271:22:57:22.281	2009:271:22:59:58.715	56803	-99612	6	6	1	0	118.00	148.70
2009:271:22:59:58.715	2009:271:22:59:58.720	56803	-99612	6	6	1	0	118.00	148.70
2009:271:22:59:58.720	2009:271:23:00:02.715	56803	-99612	6	6	1	0	118.00	148.70
2009:271:23:00:02.715	2009:271:23:00:06.715	56803	-99612	6	6	1	0	118.00	148.70
2009:271:23:00:06.715	2009:271:23:00:30.715	56803	-99612	0	0	1	0	40.00	148.70
2009:271:23:00:30.715	2009:271:23:01:37.715	56803	-99612	6	6	1	0	118.00	148.70
2009:271:23:01:37.715	2009:271:23:04:28.715	56803	-99612	6	6	1	1	129.00	148.70
2009:271:23:04:28.715	2009:271:23:09:18.715	56802	-99612	6	6	1	1	129.00	148.70
2009:271:23:09:18.715	2009:271:23:14:08.715	56802	-99612	6	6	1	1	129.00	148.88
2009:271:23:14:08.715	2009:271:23:18:58.715	56802	-99612	6	6	1	1	129.00	149.60
2009:271:23:18:58.715	2009:271:23:23:48.715	56802	-99612	6	6	1	1	129.00	150.94
2009:271:23:23:48.715	2009:271:23:28:38.715	56802	-99612	6	6	1	1	129.00	152.47
2009:271:23:28:38.715	2009:271:23:33:28.715	56802	-99612	6	6	1	1	129.00	153.91
2009:271:23:33:28.715	2009:271:23:37:02.436	56802	-99612	6	6	1	1	129.00	154.65
2009:271:23:37:02.436	2009:271:23:54:51.797	56802	-99612	6	6	1	1	129.00	154.77
2009:271:23:54:51.797	2009:271:23:59:51.797	56801	-99612	6	6	1	1	129.00	154.77
2009:271:23:59:51.797	2009:272:00:04:51.797	56801	-99612	6	6	1	1	129.00	154.70
2009:272:00:04:51.797	2009:272:00:09:51.797	56801	-99612	6	6	1	1	129.00	154.47
2009:272:00:09:51.797	2009:272:00:14:51.797	56801	-99612	6	6	1	1	129.00	154.16
2009:272:00:14:51.797	2009:272:00:19:51.797	56801	-99612	6	6	1	1	129.00	153.92
2009:272:00:19:51.797	2009:272:00:24:51.797	56801	-99612	6	6	1	1	129.00	153.79
2009:272:00:24:51.797	2009:272:00:29:01.652	56801	-99612	6	6	1	1	129.00	153.76
2009:272:00:29:01.652	2009:272:01:43:38.715	56801	-99612	6	6	1	1	129.00	153.77
2009:272:01:43:38.715	2009:272:01:46:38.715	56801	-99612	6	6	1	0	118.00	153.77
2009:272:01:46:38.715	2009:272:01:46:47.715	56801	-99612	6	6	1	0	118.00	153.77
2009:272:01:46:47.715	2009:272:02:50:02.224	56801	-99612	6	6	0	0	96.60	153.77
2009:272:02:50:02.224	2009:272:02:55:02.224	56800	-99612	6	6	0	0	96.60	153.85
2009:272:02:55:02.224	2009:272:03:00:02.224	56800	-99612	6	6	0	0	96.60	153.91
2009:272:03:00:02.224	2009:272:03:05:02.224	56800	-99612	6	6	0	0	96.60	154.16
2009:272:03:05:02.224	2009:272:03:10:02.224	56800	-99612	6	6	0	0	96.60	154.59
2009:272:03:10:02.224	2009:272:03:15:02.224	56800	-99612	6	6	0	0	96.60	155.06
2009:272:03:15:02.224	2009:272:03:20:02.224	56800	-99612	6	6	0	0	96.60	155.49
2009:272:03:20:02.224	2009:272:03:24:30.003	56800	-99612	6	6	0	0	96.60	155.72
2009:272:03:24:30.003	2009:272:04:49:30.003	56800	-99612	6	6	0	0	96.60	155.76
2009:272:04:49:30.003	2009:272:06:00:17.601	56800	-99612	6	6	0	0	96.60	155.72
2009:272:06:00:17.601	2009:272:06:04:37.601	56799	-99612	6	6	0	0	96.60	155.68
2009:272:06:04:37.601	2009:272:06:08:57.601	56799	-99612	6	6	0	0	96.60	155.27
2009:272:06:08:57.601	2009:272:06:13:17.601	56799	-99612	6	6	0	0	96.60	153.73
2009:272:06:13:17.601	2009:272:06:17:37.601	56799	-99612	6	6	0	0	96.60	151.08
2009:272:06:17:37.601	2009:272:06:21:57.601	56799	-99612	6	6	0	0	96.60	148.59
2009:272:06:21:57.601	2009:272:06:25:30.005	56799	-99612	6	6	0	0	96.60	147.27
2009:272:06:25:30.005	2009:272:08:25:30.005	56799	-99612	6	6	0	0	96.60	147.02
2009:272:08:25:30.005	2009:272:10:17:22.715	56799	-99612	6	6	0	0	96.60	147.04
2009:272:10:17:22.715	2009:272:10:17:26.715	56798	-99612	6	6	0	0	96.60	147.04
2009:272:10:17:26.715	2009:272:10:17:30.715	56798	-99612	6	6	0	0	96.60	147.04
2009:272:10:17:30.715	2009:272:10:17:54.715	56798	-99612	0	0	1	0	40.00	147.04
2009:272:10:17:54.715	2009:272:10:19:01.715	56798	-99612	6	6	1	0	118.00	147.04
2009:272:10:19:01.715	2009:272:10:25:30.005	56798	-99612	6	6	1	1	129.00	147.04
2009:272:10:25:30.005	2009:272:12:11:54.386	56798	-99612	6	6	1	1	129.00	147.06
2009:272:12:11:54.386	2009:272:12:14:54.386	56798	-99612	6	6	1	1	129.00	147.08
2009:272:12:14:54.386	2009:272:12:16:44.386	12000	-99612	6	6	1	1	129.00	147.08
2009:272:12:16:44.386	2009:272:12:21:34.386	12000	-99612	6	6	1	1	129.00	147.16
2009:272:12:21:34.386	2009:272:12:26:24.386	12000	-99612	6	6	1	1	129.00	147.48
2009:272:12:26:24.386	2009:272:12:31:14.386	12000	-99612	6	6	1	1	129.00	148.03
2009:272:12:31:14.386	2009:272:12:36:04.386	12000	-99612	6	6	1	1	129.00	148.62
2009:272:12:36:04.386	2009:272:12:40:54.386	12000	-99612	6	6	1	1	129.00	149.17
2009:272:12:40:54.386	2009:272:12:43:52.000	12000	-99612	6	6	1	1	129.00	149.57
2009:272:12:43:52.000	2009:272:12:43:52.715	12000	-99612	6	6	1	0	118.00	149.57
2009:272:12:43:52.715	2009:272:12:45:44.386	12000	72438	6	6	1	0	118.00	149.57
2009:272:12:45:44.386	2009:272:12:46:52.715	12000	72438	6	6	1	0	118.00	149.72
2009:272:12:46:52.715	2009:272:12:46:56.715	12000	72438	6	6	1	0	118.00	149.72
2009:272:12:46:56.715	2009:272:12:47:00.715	12000	72438	6	6	1	0	118.00	149.72
2009:272:12:47:00.715	2009:272:12:47:24.715	12000	72438	0	0	1	0	40.00	149.72
2009:272:12:47:24.715	2009:272:12:48:31.715	12000	72438	6	6	1	0	118.00	149.72
2009:272:12:48:31.715	2009:272:12:49:24.776	12000	72438	6	6	1	1	129.00	149.72
2009:272:12:49:24.776	2009:272:15:09:24.776	12000	72438	6	6	1	1	129.00	149.74
2009:272:15:09:24.776	2009:272:17:29:24.776	12000	72438	6	6	1	1	129.00	149.65
2009:272:17:29:24.776	2009:272:19:49:24.776	12000	72438	6	6	1	1	129.00	149.56
2009:272:19:49:24.776	2009:272:22:09:24.776	12000	72438	6	6	1	1	129.00	149.46
2009:272:22:09:24.776	2009:273:00:29:24.776	12000	72438	6	6	1	1	129.00	149.37
2009:273:00:29:24.776	2009:273:02:49:24.776	12000	72438	6	6	1	1	129.00	149.28
2009:273:02:49:24.776	2009:273:05:09:24.776	12000	72438	6	6	1	1	129.00	149.19
2009:273:05:09:24.776	2009:273:07:29:24.776	12000	72438	6	6	1	1	129.00	149.09
2009:273:07:29:24.776	2009:273:09:41:30.715	12000	72438	6	6	1	1	129.00	149.00
2009:273:09:41:30.715	2009:273:09:44:30.715	12000	72438	6	6	1	0	118.00	148.92
2009:273:09:44:30.715	2009:273:09:46:30.715	56797	72438	6	6	1	0	118.00	148.92
2009:273:09:46:30.715	2009:273:09:51:30.715	56797	72438	6	6	1	0	118.00	148.92
2009:273:09:51:30.715	2009:273:09:56:30.715	56797	72438	6	6	1	0	118.00	149.07
2009:273:09:56:30.715	2009:273:10:01:30.715	56797	72438	6	6	1	0	118.00	149.58
2009:273:10:01:30.715	2009:273:10:06:30.715	56797	72438	6	6	1	0	118.00	150.37
2009:273:10:06:30.715	2009:273:10:11:30.715	56797	72438	6	6	1	0	118.00	151.34
2009:273:10:11:30.715	2009:273:10:16:30.715	56797	72438	6	6	1	0	118.00	152.36
2009:273:10:16:30.715	2009:273:10:21:30.715	56797	72438	6	6	1	0	118.00	153.26
2009:273:10:21:30.715	2009:273:10:26:30.715	56797	72438	6	6	1	0	118.00	153.87
2009:273:10:26:30.715	2009:273:10:29:52.291	56797	72438	6	6	1	0	118.00	154.06
2009:273:10:29:52.291	2009:273:10:34:32.290	56797	72438	6	6	1	0	118.00	154.08
2009:273:10:34:32.290	2009:273:10:38:52.290	09929	75620	6	6	1	0	118.00	154.09
2009:273:10:38:52.290	2009:273:10:39:22.890	09929	75620	6	6	1	0	118.00	150.85
2009:273:10:39:22.890	2009:273:10:39:26.890	09929	75620	6	6	1	0	118.00	150.85
2009:273:10:39:26.890	2009:273:10:39:30.890	09929	75620	6	6	1	0	118.00	150.85
2009:273:10:39:30.890	2009:273:10:39:54.890	09929	75620	0	0	1	0	40.00	150.85
2009:273:10:39:54.890	2009:273:10:41:01.890	09929	75620	1	1	1	0	58.30	150.85
2009:273:10:41:01.890	2009:273:10:43:12.290	09929	75620	1	1	1	1	57.00	150.85
2009:273:10:43:12.290	2009:273:10:47:32.290	09929	75620	1	1	1	1	57.00	139.44
2009:273:10:47:32.290	2009:273:10:51:52.290	09929	75620	1	1	1	1	57.00	122.87
2009:273:10:51:52.290	2009:273:10:55:21.083	09929	75620	1	1	1	1	57.00	113.09
2009:273:10:55:21.083	2009:273:13:05:21.083	09929	75620	1	1	1	1	57.00	111.13
2009:273:13:05:21.083	2009:273:15:09:51.077	09929	75620	1	1	1	1	57.00	111.22
2009:273:15:09:51.077	2009:273:15:12:51.077	09929	74427	1	1	1	0	58.30	111.30
2009:273:15:12:51.077	2009:273:15:14:51.077	09967	74427	1	1	1	0	58.30	111.30
2009:273:15:14:51.077	2009:273:15:17:41.677	09967	74427	1	1	1	0	58.30	109.03
2009:273:15:17:41.677	2009:273:15:17:45.677	09967	74427	1	1	1	0	58.30	109.03
2009:273:15:17:45.677	2009:273:15:17:49.677	09967	74427	1	1	1	0	58.30	109.03
2009:273:15:17:49.677	2009:273:15:18:13.677	09967	74427	0	0	1	0	40.00	109.03
2009:273:15:18:13.677	2009:273:15:19:20.677	09967	74427	6	6	1	0	118.00	109.03
2009:273:15:19:20.677	2009:273:15:19:51.077	09967	74427	6	6	1	1	129.00	109.03
2009:273:15:19:51.077	2009:273:15:24:51.077	09967	74427	6	6	1	1	129.00	100.56
2009:273:15:24:51.077	2009:273:15:29:51.077	09967	74427	6	6	1	1	129.00	87.63
2009:273:15:29:51.077	2009:273:15:34:51.077	09967	74427	6	6	1	1	129.00	75.21
2009:273:15:34:51.077	2009:273:15:38:42.268	09967	74427	6	6	1	1	129.00	68.39
2009:273:15:38:42.268	2009:273:17:33:42.268	09967	74427	6	6	1	1	129.00	67.16
2009:273:17:33:42.268	2009:273:19:28:42.268	09967	74427	6	6	1	1	129.00	67.20
2009:273:19:28:42.268	2009:273:21:16:32.263	09967	74427	6	6	1	1	129.00	67.24
2009:273:21:16:32.263	2009:273:21:19:32.263	09967	75620	6	6	1	0	118.00	67.27
2009:273:21:19:32.263	2009:273:21:19:36.263	11804	75620	6	6	1	0	118.00	67.27
2009:273:21:19:36.263	2009:273:21:19:40.263	11804	75620	6	6	1	0	118.00	67.27
2009:273:21:19:40.263	2009:273:21:20:04.263	11804	75620	0	0	1	0	40.00	67.27
2009:273:21:20:04.263	2009:273:21:21:02.263	11804	75620	5	5	1	0	112.30	67.27
2009:273:21:21:02.263	2009:273:21:21:11.263	11804	75620	5	5	1	0	112.30	65.87
2009:273:21:21:11.263	2009:273:21:25:32.263	11804	75620	5	5	1	1	113.90	65.87
2009:273:21:25:32.263	2009:273:21:30:02.263	11804	75620	5	5	1	1	113.90	60.75
2009:273:21:30:02.263	2009:273:21:34:32.263	11804	75620	5	5	1	1	113.90	53.04
2009:273:21:34:32.263	2009:273:21:38:14.392	11804	75620	5	5	1	1	113.90	48.53
2009:273:21:38:14.392	2009:274:00:03:14.392	11804	75620	5	5	1	1	113.90	47.61
2009:274:00:03:14.392	2009:274:02:28:14.392	11804	75620	5	5	1	1	113.90	47.59
2009:274:02:28:14.392	2009:274:04:53:14.392	11804	75620	5	5	1	1	113.90	47.56
2009:274:04:53:14.392	2009:274:07:18:14.392	11804	75620	5	5	1	1	113.90	47.54
2009:274:07:18:14.392	2009:274:09:43:14.392	11804	75620	5	5	1	1	113.90	47.51
2009:274:09:43:14.392	2009:274:12:08:14.392	11804	75620	5	5	1	1	113.90	47.49
2009:274:12:08:14.392	2009:274:14:23:29.172	11804	75620	5	5	1	1	113.90	47.47
2009:274:14:23:29.172	2009:274:14:25:05.606	11804	-99612	5	5	1	0	112.30	47.47
2009:274:14:25:05.606	2009:274:14:26:29.172	11804	-99612	5	5	1	0	112.30	47.44
2009:274:14:26:29.172	2009:274:14:29:05.611	56796	-99612	5	5	1	0	112.30	47.44
2009:274:14:29:05.611	2009:274:14:33:35.606	56796	-99612	5	5	1	0	112.30	47.44
2009:274:14:33:35.606	2009:274:14:35:05.606	56795	-99612	5	5	1	0	112.30	47.44
2009:274:14:35:05.606	2009:274:14:35:09.606	56795	-99612	5	5	1	0	112.30	47.44
2009:274:14:35:09.606	2009:274:14:35:13.606	56795	-99612	5	5	1	0	112.30	47.44
2009:274:14:35:13.606	2009:274:14:35:37.606	56795	-99612	0	0	1	0	40.00	47.44
2009:274:14:35:37.606	2009:274:14:36:44.606	56795	-99612	6	6	1	0	118.00	47.44
2009:274:14:36:44.606	2009:274:14:38:25.606	56795	-99612	6	6	1	1	129.00	47.44
2009:274:14:38:25.606	2009:274:14:43:15.606	56795	-99612	6	6	1	1	129.00	51.67
2009:274:14:43:15.606	2009:274:14:48:05.606	56795	-99612	6	6	1	1	129.00	66.31
2009:274:14:48:05.606	2009:274:14:52:55.606	56795	-99612	6	6	1	1	129.00	87.85
2009:274:14:52:55.606	2009:274:14:57:45.606	56795	-99612	6	6	1	1	129.00	109.57
2009:274:14:57:45.606	2009:274:15:02:35.606	56795	-99612	6	6	1	1	129.00	131.30
2009:274:15:02:35.606	2009:274:15:07:25.606	56795	-99612	6	6	1	1	129.00	152.57
2009:274:15:07:25.606	2009:274:15:11:42.616	56795	-99612	6	6	1	1	129.00	166.03
2009:274:15:11:42.616	2009:274:17:12:45.606	56795	-99612	6	6	1	1	129.00	169.25
2009:274:17:12:45.606	2009:274:17:15:45.606	56795	-99612	6	6	1	0	118.00	169.25
2009:274:17:15:45.606	2009:274:17:15:54.606	56795	-99612	6	6	1	0	118.00	169.25
2009:274:17:15:54.606	2009:274:17:30:14.575	56795	-99612	6	6	0	0	96.60	169.25
2009:274:17:30:14.575	2009:274:17:35:14.575	56794	-99612	6	6	0	0	96.60	169.25
2009:274:17:35:14.575	2009:274:17:40:14.575	56794	-99612	6	6	0	0	96.60	167.96
2009:274:17:40:14.575	2009:274:17:45:14.575	56794	-99612	6	6	0	0	96.60	163.22
2009:274:17:45:14.575	2009:274:17:50:14.575	56794	-99612	6	6	0	0	96.60	156.52
2009:274:17:50:14.575	2009:274:17:54:30.005	56794	-99612	6	6	0	0	96.60	152.50
2009:274:17:54:30.005	2009:274:19:59:30.005	56794	-99612	6	6	0	0	96.60	151.63
2009:274:19:59:30.005	2009:274:21:53:54.867	56794	-99612	6	6	0	0	96.60	151.56
2009:274:21:53:54.867	2009:274:21:58:34.867	56793	-99612	6	6	0	0	96.60	151.49
2009:274:21:58:34.867	2009:274:22:03:14.867	56793	-99612	6	6	0	0	96.60	151.36
2009:274:22:03:14.867	2009:274:22:07:54.867	56793	-99612	6	6	0	0	96.60	150.83
2009:274:22:07:54.867	2009:274:22:12:34.867	56793	-99612	6	6	0	0	96.60	149.90
2009:274:22:12:34.867	2009:274:22:17:14.867	56793	-99612	6	6	0	0	96.60	148.90
2009:274:22:17:14.867	2009:274:22:21:54.867	56793	-99612	6	6	0	0	96.60	148.03
2009:274:22:21:54.867	2009:274:22:25:30.004	56793	-99612	6	6	0	0	96.60	147.60
2009:274:22:25:30.004	2009:275:00:40:30.004	56793	-99612	6	6	0	0	96.60	147.52
2009:275:00:40:30.004	2009:275:02:31:39.606	56793	-99612	6	6	0	0	96.60	147.57
2009:275:02:31:39.606	2009:275:02:31:43.606	56792	-99612	6	6	0	0	96.60	147.57
2009:275:02:31:43.606	2009:275:02:31:47.606	56792	-99612	6	6	0	0	96.60	147.57
2009:275:02:31:47.606	2009:275:02:32:11.606	56792	-99612	0	0	1	0	40.00	147.57
2009:275:02:32:11.606	2009:275:02:33:18.606	56792	-99612	6	6	1	0	118.00	147.57
2009:275:02:33:18.606	2009:275:02:55:30.004	56792	-99612	6	6	1	1	129.00	147.57
2009:275:02:55:30.004	2009:275:04:55:10.977	56792	-99612	6	6	1	1	129.00	147.62
2009:275:04:55:10.977	2009:275:05:00:00.977	56792	-99612	6	6	1	1	129.00	147.66
2009:275:05:00:00.977	2009:275:05:04:50.977	56792	-99612	6	6	1	1	129.00	143.42
2009:275:05:04:50.977	2009:275:05:09:40.977	56792	-99612	6	6	1	1	129.00	128.74
2009:275:05:09:40.977	2009:275:05:14:30.977	56792	-99612	6	6	1	1	129.00	107.17
2009:275:05:14:30.977	2009:275:05:18:19.606	56792	-99612	6	6	1	1	129.00	85.72
2009:275:05:18:19.606	2009:275:05:19:20.977	56792	74427	6	6	1	0	118.00	85.72
2009:275:05:19:20.977	2009:275:05:21:19.606	56792	74427	6	6	1	0	118.00	71.64
2009:275:05:21:19.606	2009:275:05:21:23.606	11990	74427	6	6	1	0	118.00	71.64
2009:275:05:21:23.606	2009:275:05:21:27.606	11990	74427	6	6	1	0	118.00	71.64
2009:275:05:21:27.606	2009:275:05:21:51.606	11990	74427	0	0	1	0	40.00	71.64
2009:275:05:21:51.606	2009:275:05:22:58.606	11990	74427	6	6	1	0	118.00	71.64
2009:275:05:22:58.606	2009:275:05:23:54.403	11990	74427	6	6	1	1	129.00	71.64
2009:275:05:23:54.403	2009:275:07:43:54.403	11990	74427	6	6	1	1	129.00	67.92
2009:275:07:43:54.403	2009:275:10:03:54.403	11990	74427	6	6	1	1	129.00	67.97
2009:275:10:03:54.403	2009:275:12:23:54.403	11990	74427	6	6	1	1	129.00	68.02
2009:275:12:23:54.403	2009:275:14:43:54.403	11990	74427	6	6	1	1	129.00	68.07
2009:275:14:43:54.403	2009:275:17:03:54.403	11990	74427	6	6	1	1	129.00	68.11
2009:275:17:03:54.403	2009:275:19:04:24.606	11990	74427	6	6	1	1	129.00	68.16
2009:275:19:04:24.606	2009:275:19:07:24.606	11990	75620	6	6	1	0	118.00	68.20
2009:275:19:07:24.606	2009:275:19:09:04.606	10564	75620	6	6	1	0	118.00	68.20
2009:275:19:09:04.606	2009:275:19:12:15.206	10564	75620	6	6	1	0	118.00	72.07
2009:275:19:12:15.206	2009:275:19:12:19.206	10564	75620	6	6	1	0	118.00	72.07
2009:275:19:12:19.206	2009:275:19:12:23.206	10564	75620	6	6	1	0	118.00	72.07
2009:275:19:12:23.206	2009:275:19:12:47.206	10564	75620	0	0	1	0	40.00	72.07
2009:275:19:12:47.206	2009:275:19:13:44.606	10564	75620	2	2	1	0	69.00	72.07
2009:275:19:13:44.606	2009:275:19:13:54.206	10564	75620	2	2	1	0	69.00	85.53
2009:275:19:13:54.206	2009:275:19:18:24.606	10564	75620	2	2	1	1	72.00	85.53
2009:275:19:18:24.606	2009:275:19:23:04.606	10564	75620	2	2	1	1	72.00	105.97
2009:275:19:23:04.606	2009:275:19:27:44.606	10564	75620	2	2	1	1	72.00	126.00
2009:275:19:27:44.606	2009:275:19:31:45.300	10564	75620	2	2	1	1	72.00	138.13
2009:275:19:31:45.300	2009:275:21:01:45.300	10564	75620	2	2	1	1	72.00	140.89
2009:275:21:01:45.300	2009:275:22:22:55.296	10564	75620	2	2	1	1	72.00	140.91
2009:275:22:22:55.296	2009:275:22:25:55.296	10564	72438	2	2	1	0	69.00	140.93
2009:275:22:25:55.296	2009:275:22:27:45.296	10405	72438	2	2	1	0	69.00	140.93
2009:275:22:27:45.296	2009:275:22:30:45.896	10405	72438	2	2	1	0	69.00	141.05
2009:275:22:30:45.896	2009:275:22:30:49.896	10405	72438	2	2	1	0	69.00	141.05
2009:275:22:30:49.896	2009:275:22:30:53.896	10405	72438	2	2	1	0	69.00	141.05
2009:275:22:30:53.896	2009:275:22:31:17.896	10405	72438	0	0	1	0	40.00	141.05
2009:275:22:31:17.896	2009:275:22:32:24.896	10405	72438	6	6	1	0	118.00	141.05
2009:275:22:32:24.896	2009:275:22:32:35.296	10405	72438	6	6	1	1	129.00	141.05
2009:275:22:32:35.296	2009:275:22:37:25.296	10405	72438	6	6	1	1	129.00	141.55
2009:275:22:37:25.296	2009:275:22:42:15.296	10405	72438	6	6	1	1	129.00	142.53
2009:275:22:42:15.296	2009:275:22:47:05.296	10405	72438	6	6	1	1	129.00	143.69
2009:275:22:47:05.296	2009:275:22:51:55.296	10405	72438	6	6	1	1	129.00	144.88
2009:275:22:51:55.296	2009:275:22:56:45.296	10405	72438	6	6	1	1	129.00	145.89
2009:275:22:56:45.296	2009:275:23:01:02.940	10405	72438	6	6	1	1	129.00	146.38
2009:275:23:01:02.940	2009:276:01:21:02.940	10405	72438	6	6	1	1	129.00	146.48
2009:276:01:21:02.940	2009:276:03:41:02.940	10405	72438	6	6	1	1	129.00	146.38
2009:276:03:41:02.940	2009:276:06:01:02.940	10405	72438	6	6	1	1	129.00	146.29
2009:276:06:01:02.940	2009:276:08:21:02.940	10405	72438	6	6	1	1	129.00	146.20
2009:276:08:21:02.940	2009:276:10:41:02.940	10405	72438	6	6	1	1	129.00	146.11
2009:276:10:41:02.940	2009:276:13:01:02.940	10405	72438	6	6	1	1	129.00	146.01
2009:276:13:01:02.940	2009:276:15:21:02.940	10405	72438	6	6	1	1	129.00	145.92
2009:276:15:21:02.940	2009:276:17:41:02.940	10405	72438	6	6	1	1	129.00	145.83
2009:276:17:41:02.940	2009:276:20:01:02.940	10405	72438	6	6	1	1	129.00	145.73
2009:276:20:01:02.940	2009:276:22:13:08.936	10405	72438	6	6	1	1	129.00	145.64
2009:276:22:13:08.936	2009:276:22:16:08.936	10405	75620	6	6	1	0	118.00	145.55
2009:276:22:16:08.936	2009:276:22:17:58.936	10357	75620	6	6	1	0	118.00	145.55
2009:276:22:17:58.936	2009:276:22:20:59.536	10357	75620	6	6	1	0	118.00	142.36
2009:276:22:20:59.536	2009:276:22:21:03.536	10357	75620	6	6	1	0	118.00	142.36
2009:276:22:21:03.536	2009:276:22:21:07.536	10357	75620	6	6	1	0	118.00	142.36
2009:276:22:21:07.536	2009:276:22:21:31.536	10357	75620	0	0	1	0	40.00	142.36
2009:276:22:21:31.536	2009:276:22:22:38.536	10357	75620	6	6	1	0	118.00	142.36
2009:276:22:22:38.536	2009:276:22:22:48.936	10357	75620	6	6	1	1	129.00	142.36
2009:276:22:22:48.936	2009:276:22:27:38.936	10357	75620	6	6	1	1	129.00	130.54
2009:276:22:27:38.936	2009:276:22:32:28.936	10357	75620	6	6	1	1	129.00	112.14
2009:276:22:32:28.936	2009:276:22:37:18.936	10357	75620	6	6	1	1	129.00	93.40
2009:276:22:37:18.936	2009:276:22:42:08.936	10357	75620	6	6	1	1	129.00	75.47
2009:276:22:42:08.936	2009:276:22:46:38.772	10357	75620	6	6	1	1	129.00	64.47
2009:276:22:46:38.772	2009:277:01:04:28.768	10357	75620	6	6	1	1	129.00	61.77
2009:277:01:04:28.768	2009:277:01:07:28.768	10357	92905	6	6	1	0	118.00	61.74
2009:277:01:07:28.768	2009:277:01:07:32.768	10273	92905	6	6	1	0	118.00	61.74
2009:277:01:07:32.768	2009:277:01:07:36.768	10273	92905	6	6	1	0	118.00	61.74
2009:277:01:07:36.768	2009:277:01:07:58.768	10273	92905	0	0	1	0	40.00	61.74
2009:277:01:07:58.768	2009:277:01:08:00.768	10273	92905	0	0	1	0	40.00	63.60
2009:277:01:08:00.768	2009:277:01:09:07.768	10273	92905	6	6	1	0	118.00	63.60
2009:277:01:09:07.768	2009:277:01:11:28.768	10273	92905	6	6	1	1	129.00	63.60
2009:277:01:11:28.768	2009:277:01:14:24.723	10273	92905	6	6	1	1	129.00	68.58
2009:277:01:14:24.723	2009:277:03:34:24.723	10273	92905	6	6	1	1	129.00	69.80
2009:277:03:34:24.723	2009:277:05:44:00.162	10273	92905	6	6	1	1	129.00	69.78
2009:277:05:44:00.162	2009:277:05:46:00.372	10273	-99612	6	6	1	0	118.00	69.78
2009:277:05:46:00.372	2009:277:05:47:00.162	10273	-99612	6	6	1	0	118.00	69.75
2009:277:05:47:00.162	2009:277:05:50:00.372	56791	-99612	6	6	1	0	118.00	69.75
2009:277:05:50:00.372	2009:277:05:50:00.377	56791	-99612	6	6	1	0	118.00	69.75
2009:277:05:50:00.377	2009:277:05:50:04.372	56791	-99612	6	6	1	0	118.00	69.75
2009:277:05:50:04.372	2009:277:05:50:08.372	56791	-99612	6	6	1	0	118.00	69.75
2009:277:05:50:08.372	2009:277:05:50:32.372	56791	-99612	0	0	1	0	40.00	69.75
2009:277:05:50:32.372	2009:277:05:51:39.372	56791	-99612	6	6	1	0	118.00	69.75
2009:277:05:51:39.372	2009:277:05:54:30.372	56791	-99612	6	6	1	1	129.00	69.75
2009:277:05:54:30.372	2009:277:05:58:50.372	56790	-99612	6	6	1	1	129.00	69.75
2009:277:05:58:50.372	2009:277:06:03:10.372	56790	-99612	6	6	1	1	129.00	73.06
2009:277:06:03:10.372	2009:277:06:07:30.372	56790	-99612	6	6	1	1	129.00	84.73
2009:277:06:07:30.372	2009:277:06:11:50.372	56790	-99612	6	6	1	1	129.00	103.41
2009:277:06:11:50.372	2009:277:06:16:10.372	56790	-99612	6	6	1	1	129.00	122.87
2009:277:06:16:10.372	2009:277:06:20:30.372	56790	-99612	6	6	1	1	129.00	141.19
2009:277:06:20:30.372	2009:277:06:24:26.479	56790	-99612	6	6	1	1	129.00	152.09
2009:277:06:24:26.479	2009:277:06:43:41.892	56790	-99612	6	6	1	1	129.00	154.75
2009:277:06:43:41.892	2009:277:06:48:21.892	56789	-99612	6	6	1	1	129.00	154.75
2009:277:06:48:21.892	2009:277:06:53:01.892	56789	-99612	6	6	1	1	129.00	154.59
2009:277:06:53:01.892	2009:277:06:57:41.892	56789	-99612	6	6	1	1	129.00	153.84
2009:277:06:57:41.892	2009:277:07:02:21.892	56789	-99612	6	6	1	1	129.00	152.20
2009:277:07:02:21.892	2009:277:07:07:01.892	56789	-99612	6	6	1	1	129.00	150.17
2009:277:07:07:01.892	2009:277:07:11:41.892	56789	-99612	6	6	1	1	129.00	148.09
2009:277:07:11:41.892	2009:277:07:16:21.892	56789	-99612	6	6	1	1	129.00	146.21
2009:277:07:16:21.892	2009:277:07:21:01.892	56789	-99612	6	6	1	1	129.00	144.77
2009:277:07:21:01.892	2009:277:07:21:01.892	56789	-99612	6	6	1	1	129.00	144.11
