tstart	tstop	obsid	simpos	feps	ccds	vid	clk	power	pitch
2008:307:12:34:60.000	2008:307:12:39:00.005		-99616	6	6	0	0	96.60	165.02
2008:307:12:39:00.005	2008:307:12:54:26.141		-99616	6	6	0	0	96.60	165.02
2008:307:12:54:26.141	2008:307:12:57:26.141		-99616	6	6	0	0	96.60	165.02
2008:307:12:57:26.141	2008:307:12:57:36.392	57531	-99616	6	6	0	0	96.60	165.02
2008:307:12:57:36.392	2008:307:13:02:26.392	57531	-99616	6	6	0	0	96.60	165.04
2008:307:13:02:26.392	2008:307:13:07:16.392	57531	-99616	6	6	0	0	96.60	164.82
2008:307:13:07:16.392	2008:307:13:12:06.392	57531	-99616	6	6	0	0	96.60	163.86
2008:307:13:12:06.392	2008:307:13:16:56.392	57531	-99616	6	6	0	0	96.60	162.03
2008:307:13:16:56.392	2008:307:13:21:46.392	57531	-99616	6	6	0	0	96.60	160.01
2008:307:13:21:46.392	2008:307:13:26:36.392	57531	-99616	6	6	0	0	96.60	158.09
2008:307:13:26:36.392	2008:307:13:31:26.392	57531	-99616	6	6	0	0	96.60	156.55
2008:307:13:31:26.392	2008:307:13:35:16.836	57531	-99616	6	6	0	0	96.60	155.84
2008:307:13:35:16.836	2008:307:15:30:16.836	57531	-99616	6	6	0	0	96.60	155.71
2008:307:15:30:16.836	2008:307:17:25:16.836	57531	-99616	6	6	0	0	96.60	155.67
2008:307:17:25:16.836	2008:307:19:06:57.788	57531	-99616	6	6	0	0	96.60	155.63
2008:307:19:06:57.788	2008:307:19:07:08.039	57530	-99616	6	6	0	0	96.60	155.63
2008:307:19:07:08.039	2008:307:19:11:48.039	57530	-99616	6	6	0	0	96.60	155.60
2008:307:19:11:48.039	2008:307:19:16:28.039	57530	-99616	6	6	0	0	96.60	155.59
2008:307:19:16:28.039	2008:307:19:21:08.039	57530	-99616	6	6	0	0	96.60	155.59
2008:307:19:21:08.039	2008:307:19:25:48.039	57530	-99616	6	6	0	0	96.60	155.59
2008:307:19:25:48.039	2008:307:19:30:28.039	57530	-99616	6	6	0	0	96.60	155.61
2008:307:19:30:28.039	2008:307:19:35:08.039	57530	-99616	6	6	0	0	96.60	155.65
2008:307:19:35:08.039	2008:307:19:39:48.039	57530	-99616	6	6	0	0	96.60	155.70
2008:307:19:39:48.039	2008:307:19:44:28.039	57530	-99616	6	6	0	0	96.60	155.75
2008:307:19:44:28.039	2008:307:19:48:25.300	57530	-99616	6	6	0	0	96.60	155.78
2008:307:19:48:25.300	2008:307:21:48:25.300	57530	-99616	6	6	0	0	96.60	155.79
2008:307:21:48:25.300	2008:307:22:52:45.047	57530	-99616	6	6	0	0	96.60	155.77
2008:307:22:52:45.047	2008:307:22:52:49.047	57530	-99616	6	6	0	0	96.60	155.77
2008:307:22:52:49.047	2008:307:22:52:53.047	57530	-99616	6	6	0	0	96.60	155.77
2008:307:22:52:53.047	2008:307:22:53:17.047	57530	-99616	0	0	1	0	40.00	155.77
2008:307:22:53:17.047	2008:307:22:54:24.047	57530	-99616	6	6	1	0	118.00	155.77
2008:307:22:54:24.047	2008:307:23:48:25.300	57530	-99616	6	6	1	1	129.00	155.77
2008:307:23:48:25.300	2008:308:01:36:25.047	57530	-99616	6	6	1	1	129.00	155.75
2008:308:01:36:25.047	2008:308:01:39:25.047	57530	-99616	6	6	1	0	118.00	155.75
2008:308:01:39:25.047	2008:308:01:39:35.298	09634	-50504	6	6	1	0	118.00	155.75
2008:308:01:39:35.298	2008:308:01:44:25.298	09634	-50504	6	6	1	0	118.00	155.73
2008:308:01:44:25.298	2008:308:01:49:15.298	09634	-50504	6	6	1	0	118.00	151.54
2008:308:01:49:15.298	2008:308:01:54:05.298	09634	-50504	6	6	1	0	118.00	137.00
2008:308:01:54:05.298	2008:308:01:58:55.298	09634	-50504	6	6	1	0	118.00	115.61
2008:308:01:58:55.298	2008:308:02:03:45.298	09634	-50504	6	6	1	0	118.00	94.55
2008:308:02:03:45.298	2008:308:02:07:59.987	09634	-50504	6	6	1	0	118.00	81.31
2008:308:02:07:59.987	2008:308:02:37:54.979	09634	-50504	6	6	1	0	118.00	78.18
2008:308:02:37:54.979	2008:308:02:37:58.979	09634	-50504	6	6	1	0	118.00	78.18
2008:308:02:37:58.979	2008:308:02:38:02.979	09634	-50504	6	6	1	0	118.00	78.18
2008:308:02:38:02.979	2008:308:02:38:26.979	09634	-50504	0	0	1	0	40.00	78.18
2008:308:02:38:26.979	2008:308:02:39:37.979	09634	-50504	5	5	1	0	112.30	78.18
2008:308:02:39:37.979	2008:308:02:45:39.732	09634	-50504	5	5	1	1	113.90	78.18
2008:308:02:45:39.732	2008:308:02:45:56.230	09635	-99616	5	5	1	1	113.90	78.18
2008:308:02:45:56.230	2008:308:02:49:56.235	09635	-99616	5	5	1	1	113.90	78.17
2008:308:02:49:56.235	2008:308:03:27:35.979	09635	-99616	5	5	1	1	113.90	78.17
2008:308:03:27:35.979	2008:308:03:27:46.230	09636	-99616	5	5	1	1	113.90	78.17
2008:308:03:27:46.230	2008:308:03:31:46.235	09636	-99616	5	5	1	1	113.90	78.16
2008:308:03:31:46.235	2008:308:04:09:25.979	09636	-99616	5	5	1	1	113.90	78.16
2008:308:04:09:25.979	2008:308:04:09:36.230	09637	-99616	5	5	1	1	113.90	78.16
2008:308:04:09:36.230	2008:308:04:13:36.235	09637	-99616	5	5	1	1	113.90	78.15
2008:308:04:13:36.235	2008:308:04:48:15.979	09637	-99616	5	5	1	1	113.90	78.14
2008:308:04:48:15.979	2008:308:04:51:15.979	09637	-99616	5	5	1	0	112.30	78.14
2008:308:04:51:15.979	2008:308:04:51:26.230	09716	-20680	5	5	1	0	112.30	78.14
2008:308:04:51:26.230	2008:308:04:56:16.230	09716	-20680	5	5	1	0	112.30	78.13
2008:308:04:56:16.230	2008:308:05:00:05.601	09716	-20680	5	5	1	0	112.30	76.76
2008:308:05:00:05.601	2008:308:05:00:43.601	62813	-20680	5	5	1	0	112.30	76.76
2008:308:05:00:43.601	2008:308:05:00:47.601	62813	-20680	5	5	1	0	112.30	76.76
2008:308:05:00:47.601	2008:308:05:00:51.601	62813	-20680	5	5	1	0	112.30	76.76
2008:308:05:00:51.601	2008:308:05:01:06.230	62813	-20680	0	0	1	0	40.00	76.76
2008:308:05:01:06.230	2008:308:05:01:15.601	62813	-20680	0	0	1	0	40.00	71.60
2008:308:05:01:15.601	2008:308:05:02:22.601	62813	-20680	6	6	1	0	118.00	71.60
2008:308:05:02:22.601	2008:308:05:05:56.230	62813	-20680	6	6	1	1	129.00	71.60
2008:308:05:05:56.230	2008:308:05:10:46.230	62813	-20680	6	6	1	1	129.00	63.27
2008:308:05:10:46.230	2008:308:05:15:36.230	62813	-20680	6	6	1	1	129.00	55.00
2008:308:05:15:36.230	2008:308:05:19:54.856	62813	-20680	6	6	1	1	129.00	50.21
2008:308:05:19:54.856	2008:308:07:44:54.856	62813	-20680	6	6	1	1	129.00	49.15
2008:308:07:44:54.856	2008:308:10:09:54.856	62813	-20680	6	6	1	1	129.00	49.22
2008:308:10:09:54.856	2008:308:12:34:54.856	62813	-20680	6	6	1	1	129.00	49.30
2008:308:12:34:54.856	2008:308:14:59:54.856	62813	-20680	6	6	1	1	129.00	49.38
2008:308:14:59:54.856	2008:308:17:24:54.856	62813	-20680	6	6	1	1	129.00	49.45
2008:308:17:24:54.856	2008:308:19:14:34.601	62813	-20680	6	6	1	1	129.00	49.53
2008:308:19:14:34.601	2008:308:19:17:34.601	62813	-20680	6	6	1	0	118.00	49.53
2008:308:19:17:34.601	2008:308:19:17:44.852	57529	-20680	6	6	1	0	118.00	49.53
2008:308:19:17:44.852	2008:308:19:22:44.852	57529	-20680	6	6	1	0	118.00	49.59
2008:308:19:22:44.852	2008:308:19:27:44.852	57529	-20680	6	6	1	0	118.00	54.16
2008:308:19:27:44.852	2008:308:19:32:44.852	57529	-20680	6	6	1	0	118.00	69.91
2008:308:19:32:44.852	2008:308:19:37:44.852	57529	-20680	6	6	1	0	118.00	92.34
2008:308:19:37:44.852	2008:308:19:42:44.852	57529	-20680	6	6	1	0	118.00	114.84
2008:308:19:42:44.852	2008:308:19:47:44.852	57529	-20680	6	6	1	0	118.00	136.66
2008:308:19:47:44.852	2008:308:19:51:32.111	57529	-20680	6	6	1	0	118.00	149.68
2008:308:19:51:32.111	2008:308:19:56:01.856	57529	-20680	6	6	1	0	118.00	152.13
2008:308:19:56:01.856	2008:308:19:56:12.107	10720	92904	6	6	1	0	118.00	152.13
2008:308:19:56:12.107	2008:308:19:59:01.856	10720	92904	6	6	1	0	118.00	152.14
2008:308:19:59:01.856	2008:308:19:59:05.856	10720	92904	6	6	1	0	118.00	152.14
2008:308:19:59:05.856	2008:308:19:59:09.856	10720	92904	6	6	1	0	118.00	152.14
2008:308:19:59:09.856	2008:308:19:59:33.856	10720	92904	0	0	1	0	40.00	152.14
2008:308:19:59:33.856	2008:308:20:00:40.856	10720	92904	5	5	1	0	112.30	152.14
2008:308:20:00:40.856	2008:308:20:00:52.107	10720	92904	5	5	1	1	113.90	152.14
2008:308:20:00:52.107	2008:308:20:05:32.107	10720	92904	5	5	1	1	113.90	151.94
2008:308:20:05:32.107	2008:308:20:10:12.107	10720	92904	5	5	1	1	113.90	151.11
2008:308:20:10:12.107	2008:308:20:14:52.107	10720	92904	5	5	1	1	113.90	149.52
2008:308:20:14:52.107	2008:308:20:19:32.107	10720	92904	5	5	1	1	113.90	147.75
2008:308:20:19:32.107	2008:308:20:24:12.107	10720	92904	5	5	1	1	113.90	146.03
2008:308:20:24:12.107	2008:308:20:28:52.107	10720	92904	5	5	1	1	113.90	144.59
2008:308:20:28:52.107	2008:308:20:33:32.107	10720	92904	5	5	1	1	113.90	143.60
2008:308:20:33:32.107	2008:308:20:37:38.193	10720	92904	5	5	1	1	113.90	143.23
2008:308:20:37:38.193	2008:308:22:52:38.193	10720	92904	5	5	1	1	113.90	143.17
2008:308:22:52:38.193	2008:309:01:07:38.193	10720	92904	5	5	1	1	113.90	143.16
2008:309:01:07:38.193	2008:309:03:22:38.193	10720	92904	5	5	1	1	113.90	143.15
2008:309:03:22:38.193	2008:309:05:37:38.193	10720	92904	5	5	1	1	113.90	143.15
2008:309:05:37:38.193	2008:309:07:52:38.193	10720	92904	5	5	1	1	113.90	143.14
2008:309:07:52:38.193	2008:309:09:53:37.940	10720	92904	5	5	1	1	113.90	143.13
2008:309:09:53:37.940	2008:309:09:53:48.191	10720	75624	5	5	1	0	112.30	143.13
2008:309:09:53:48.191	2008:309:09:56:37.940	10720	75624	5	5	1	0	112.30	143.12
2008:309:09:56:37.940	2008:309:09:56:41.940	10800	75624	5	5	1	0	112.30	143.12
2008:309:09:56:41.940	2008:309:09:56:45.940	10800	75624	5	5	1	0	112.30	143.12
2008:309:09:56:45.940	2008:309:09:57:09.940	10800	75624	0	0	1	0	40.00	143.12
2008:309:09:57:09.940	2008:309:09:58:08.191	10800	75624	5	5	1	0	112.30	143.12
2008:309:09:58:08.191	2008:309:09:58:16.940	10800	75624	5	5	1	0	112.30	141.38
2008:309:09:58:16.940	2008:309:10:02:28.191	10800	75624	5	5	1	1	113.90	141.38
2008:309:10:02:28.191	2008:309:10:06:36.914	10800	75624	5	5	1	1	113.90	136.42
2008:309:10:06:36.914	2008:309:12:11:36.914	10800	75624	5	5	1	1	113.90	134.79
2008:309:12:11:36.914	2008:309:14:16:36.914	10800	75624	5	5	1	1	113.90	134.76
2008:309:14:16:36.914	2008:309:16:21:36.914	10800	75624	5	5	1	1	113.90	134.73
2008:309:16:21:36.914	2008:309:18:15:33.940	10800	75624	5	5	1	1	113.90	134.70
2008:309:18:15:33.940	2008:309:18:15:44.191	10800	75624	5	5	1	0	112.30	134.70
2008:309:18:15:44.191	2008:309:18:18:33.940	10800	75624	5	5	1	0	112.30	134.67
2008:309:18:18:33.940	2008:309:18:18:37.940	09220	75624	5	5	1	0	112.30	134.67
2008:309:18:18:37.940	2008:309:18:18:41.940	09220	75624	5	5	1	0	112.30	134.67
2008:309:18:18:41.940	2008:309:18:19:05.940	09220	75624	0	0	1	0	40.00	134.67
2008:309:18:19:05.940	2008:309:18:20:12.940	09220	75624	1	1	1	0	58.30	134.67
2008:309:18:20:12.940	2008:309:18:20:14.191	09220	75624	1	1	1	1	57.00	134.67
2008:309:18:20:14.191	2008:309:18:24:44.191	09220	75624	1	1	1	1	57.00	135.63
2008:309:18:24:44.191	2008:309:18:29:14.191	09220	75624	1	1	1	1	57.00	139.20
2008:309:18:29:14.191	2008:309:18:33:44.191	09220	75624	1	1	1	1	57.00	145.25
2008:309:18:33:44.191	2008:309:18:38:14.191	09220	75624	1	1	1	1	57.00	151.33
2008:309:18:38:14.191	2008:309:18:42:20.248	09220	75624	1	1	1	1	57.00	154.78
2008:309:18:42:20.248	2008:309:20:47:20.248	09220	75624	1	1	1	1	57.00	155.58
2008:309:20:47:20.248	2008:309:22:52:20.248	09220	75624	1	1	1	1	57.00	155.49
2008:309:22:52:20.248	2008:310:00:23:56.858	09220	75624	1	1	1	1	57.00	155.40
2008:310:00:23:56.858	2008:310:00:38:56.858	09220	-99616	1	1	1	0	58.30	155.40
2008:310:00:38:56.858	2008:310:00:39:07.109	57528	-99616	1	1	1	0	58.30	155.40
2008:310:00:39:07.109	2008:310:00:41:56.858	57528	-99616	1	1	1	0	58.30	155.33
2008:310:00:41:56.858	2008:310:00:42:00.858	57528	-99616	1	1	1	0	58.30	155.33
2008:310:00:42:00.858	2008:310:00:42:04.858	57528	-99616	1	1	1	0	58.30	155.33
2008:310:00:42:04.858	2008:310:00:42:28.858	57528	-99616	0	0	1	0	40.00	155.33
2008:310:00:42:28.858	2008:310:00:43:35.858	57528	-99616	6	6	1	0	118.00	155.33
2008:310:00:43:35.858	2008:310:00:43:37.109	57528	-99616	6	6	1	1	129.00	155.33
2008:310:00:43:37.109	2008:310:00:48:07.109	57528	-99616	6	6	1	1	129.00	155.33
2008:310:00:48:07.109	2008:310:00:52:37.109	57528	-99616	6	6	1	1	129.00	155.36
2008:310:00:52:37.109	2008:310:00:57:07.109	57528	-99616	6	6	1	1	129.00	155.41
2008:310:00:57:07.109	2008:310:01:01:37.109	57528	-99616	6	6	1	1	129.00	155.46
2008:310:01:01:37.109	2008:310:01:06:07.109	57528	-99616	6	6	1	1	129.00	155.52
2008:310:01:06:07.109	2008:310:01:10:37.109	57528	-99616	6	6	1	1	129.00	155.56
2008:310:01:10:37.109	2008:310:01:14:04.689	57528	-99616	6	6	1	1	129.00	155.58
2008:310:01:14:04.689	2008:310:03:05:06.858	57528	-99616	6	6	1	1	129.00	155.58
2008:310:03:05:06.858	2008:310:03:08:06.858	57528	-99616	6	6	1	0	118.00	155.58
2008:310:03:08:06.858	2008:310:03:08:15.858	57528	-99616	6	6	1	0	118.00	155.58
2008:310:03:08:15.858	2008:310:03:09:04.689	57528	-99616	6	6	0	0	96.60	155.58
2008:310:03:09:04.689	2008:310:04:49:21.055	57528	-99616	6	6	0	0	96.60	155.61
2008:310:04:49:21.055	2008:310:04:49:31.306	57527	-99616	6	6	0	0	96.60	155.61
2008:310:04:49:31.306	2008:310:04:54:21.306	57527	-99616	6	6	0	0	96.60	155.63
2008:310:04:54:21.306	2008:310:04:59:11.306	57527	-99616	6	6	0	0	96.60	155.52
2008:310:04:59:11.306	2008:310:05:03:47.114	57527	-99616	6	6	0	0	96.60	155.23
2008:310:05:03:47.114	2008:310:06:58:47.114	57527	-99616	6	6	0	0	96.60	155.14
2008:310:06:58:47.114	2008:310:08:53:47.114	57527	-99616	6	6	0	0	96.60	155.14
2008:310:08:53:47.114	2008:310:10:35:23.454	57527	-99616	6	6	0	0	96.60	155.14
2008:310:10:35:23.454	2008:310:10:35:33.705	57526	-99616	6	6	0	0	96.60	155.14
2008:310:10:35:33.705	2008:310:10:39:23.705	57526	-99616	6	6	0	0	96.60	155.14
2008:310:10:39:23.705	2008:310:10:43:13.705	57526	-99616	6	6	0	0	96.60	155.19
2008:310:10:43:13.705	2008:310:10:47:03.705	57526	-99616	6	6	0	0	96.60	155.36
2008:310:10:47:03.705	2008:310:10:50:24.623	57526	-99616	6	6	0	0	96.60	155.50
2008:310:10:50:24.623	2008:310:12:50:24.623	57526	-99616	6	6	0	0	96.60	155.53
2008:310:12:50:24.623	2008:310:13:54:44.366	57526	-99616	6	6	0	0	96.60	155.56
2008:310:13:54:44.366	2008:310:13:54:48.366	57526	-99616	6	6	0	0	96.60	155.56
2008:310:13:54:48.366	2008:310:13:54:52.366	57526	-99616	6	6	0	0	96.60	155.56
2008:310:13:54:52.366	2008:310:13:55:16.366	57526	-99616	0	0	1	0	40.00	155.56
2008:310:13:55:16.366	2008:310:13:56:23.366	57526	-99616	6	6	1	0	118.00	155.56
2008:310:13:56:23.366	2008:310:14:50:24.623	57526	-99616	6	6	1	1	129.00	155.56
2008:310:14:50:24.623	2008:310:16:38:24.366	57526	-99616	6	6	1	1	129.00	155.59
2008:310:16:38:24.366	2008:310:16:41:24.366	57526	-99616	6	6	1	0	118.00	155.59
2008:310:16:41:24.366	2008:310:16:41:34.617	10765	74424	6	6	1	0	118.00	155.59
2008:310:16:41:34.617	2008:310:16:46:04.617	10765	74424	6	6	1	0	118.00	155.62
2008:310:16:46:04.617	2008:310:16:46:14.966	10765	74424	6	6	1	0	118.00	152.01
2008:310:16:46:14.966	2008:310:16:46:18.966	10765	74424	6	6	1	0	118.00	152.01
2008:310:16:46:18.966	2008:310:16:46:22.966	10765	74424	6	6	1	0	118.00	152.01
2008:310:16:46:22.966	2008:310:16:46:46.966	10765	74424	0	0	1	0	40.00	152.01
2008:310:16:46:46.966	2008:310:16:47:53.966	10765	74424	6	6	1	0	118.00	152.01
2008:310:16:47:53.966	2008:310:16:50:34.617	10765	74424	6	6	1	1	129.00	152.01
2008:310:16:50:34.617	2008:310:16:55:04.617	10765	74424	6	6	1	1	129.00	139.37
2008:310:16:55:04.617	2008:310:16:59:34.617	10765	74424	6	6	1	1	129.00	119.67
2008:310:16:59:34.617	2008:310:17:04:04.617	10765	74424	6	6	1	1	129.00	99.45
2008:310:17:04:04.617	2008:310:17:08:34.617	10765	74424	6	6	1	1	129.00	80.02
2008:310:17:08:34.617	2008:310:17:12:43.775	10765	74424	6	6	1	1	129.00	68.09
2008:310:17:12:43.775	2008:310:19:07:43.775	10765	74424	6	6	1	1	129.00	65.08
2008:310:19:07:43.775	2008:310:21:02:43.775	10765	74424	6	6	1	1	129.00	65.10
2008:310:21:02:43.775	2008:310:22:42:03.520	10765	74424	6	6	1	1	129.00	65.12
2008:310:22:42:03.520	2008:310:22:42:13.771	10765	92904	6	6	1	0	118.00	65.12
2008:310:22:42:13.771	2008:310:22:45:03.520	10765	92904	6	6	1	0	118.00	65.14
2008:310:22:45:03.520	2008:310:22:47:13.771	10798	92904	6	6	1	0	118.00	65.14
2008:310:22:47:13.771	2008:310:22:49:54.120	10798	92904	6	6	1	0	118.00	69.50
2008:310:22:49:54.120	2008:310:22:49:58.120	10798	92904	6	6	1	0	118.00	69.50
2008:310:22:49:58.120	2008:310:22:50:02.120	10798	92904	6	6	1	0	118.00	69.50
2008:310:22:50:02.120	2008:310:22:50:26.120	10798	92904	0	0	1	0	40.00	69.50
2008:310:22:50:26.120	2008:310:22:51:33.120	10798	92904	5	5	1	0	112.30	69.50
2008:310:22:51:33.120	2008:310:22:52:13.771	10798	92904	5	5	1	1	113.90	69.50
2008:310:22:52:13.771	2008:310:22:57:13.771	10798	92904	5	5	1	1	113.90	84.61
2008:310:22:57:13.771	2008:310:23:02:13.771	10798	92904	5	5	1	1	113.90	106.31
2008:310:23:02:13.771	2008:310:23:07:13.771	10798	92904	5	5	1	1	113.90	127.54
2008:310:23:07:13.771	2008:310:23:11:10.363	10798	92904	5	5	1	1	113.90	140.38
2008:310:23:11:10.363	2008:311:01:21:10.363	10798	92904	5	5	1	1	113.90	142.93
2008:311:01:21:10.363	2008:311:03:31:10.363	10798	92904	5	5	1	1	113.90	142.92
2008:311:03:31:10.363	2008:311:05:41:10.363	10798	92904	5	5	1	1	113.90	142.91
2008:311:05:41:10.363	2008:311:07:51:10.363	10798	92904	5	5	1	1	113.90	142.89
2008:311:07:51:10.363	2008:311:10:01:10.363	10798	92904	5	5	1	1	113.90	142.88
2008:311:10:01:10.363	2008:311:12:11:10.363	10798	92904	5	5	1	1	113.90	142.87
2008:311:12:11:10.363	2008:311:14:07:10.108	10798	92904	5	5	1	1	113.90	142.86
2008:311:14:07:10.108	2008:311:14:07:20.359	10798	92904	5	5	1	0	112.30	142.86
2008:311:14:07:20.359	2008:311:14:10:10.108	10798	92904	5	5	1	0	112.30	142.84
2008:311:14:10:10.108	2008:311:14:12:10.359	57525	92904	5	5	1	0	112.30	142.84
2008:311:14:12:10.359	2008:311:14:17:00.359	57525	92904	5	5	1	0	112.30	143.14
2008:311:14:17:00.359	2008:311:14:21:50.359	57525	92904	5	5	1	0	112.30	144.39
2008:311:14:21:50.359	2008:311:14:26:40.359	57525	92904	5	5	1	0	112.30	146.71
2008:311:14:26:40.359	2008:311:14:31:30.359	57525	92904	5	5	1	0	112.30	149.43
2008:311:14:31:30.359	2008:311:14:36:20.359	57525	92904	5	5	1	0	112.30	152.18
2008:311:14:36:20.359	2008:311:14:41:10.359	57525	92904	5	5	1	0	112.30	154.50
2008:311:14:41:10.359	2008:311:14:45:29.852	57525	92904	5	5	1	0	112.30	155.57
2008:311:14:45:29.852	2008:311:14:49:59.598	57525	92904	5	5	1	0	112.30	155.77
2008:311:14:49:59.598	2008:311:14:50:09.849	10777	74424	5	5	1	0	112.30	155.77
2008:311:14:50:09.849	2008:311:14:54:29.849	10777	74424	5	5	1	0	112.30	155.77
2008:311:14:54:29.849	2008:311:14:54:50.198	10777	74424	5	5	1	0	112.30	152.54
2008:311:14:54:50.198	2008:311:14:54:54.198	10777	74424	5	5	1	0	112.30	152.54
2008:311:14:54:54.198	2008:311:14:54:58.198	10777	74424	5	5	1	0	112.30	152.54
2008:311:14:54:58.198	2008:311:14:55:22.198	10777	74424	0	0	1	0	40.00	152.54
2008:311:14:55:22.198	2008:311:14:56:29.198	10777	74424	6	6	1	0	118.00	152.54
2008:311:14:56:29.198	2008:311:14:58:49.849	10777	74424	6	6	1	1	129.00	152.54
2008:311:14:58:49.849	2008:311:15:03:09.849	10777	74424	6	6	1	1	129.00	141.09
2008:311:15:03:09.849	2008:311:15:07:29.849	10777	74424	6	6	1	1	129.00	122.66
2008:311:15:07:29.849	2008:311:15:11:49.849	10777	74424	6	6	1	1	129.00	103.47
2008:311:15:11:49.849	2008:311:15:16:09.849	10777	74424	6	6	1	1	129.00	85.27
2008:311:15:16:09.849	2008:311:15:20:17.160	10777	74424	6	6	1	1	129.00	74.24
2008:311:15:20:17.160	2008:311:17:20:17.160	10777	74424	6	6	1	1	129.00	71.35
2008:311:17:20:17.160	2008:311:19:20:17.160	10777	74424	6	6	1	1	129.00	71.41
2008:311:19:20:17.160	2008:311:21:20:17.160	10777	74424	6	6	1	1	129.00	71.47
2008:311:21:20:17.160	2008:311:23:06:16.904	10777	74424	6	6	1	1	129.00	71.53
2008:311:23:06:16.904	2008:311:23:06:27.155	10777	74424	6	6	1	0	118.00	71.53
2008:311:23:06:27.155	2008:311:23:09:16.904	10777	74424	6	6	1	0	118.00	71.58
2008:311:23:09:16.904	2008:311:23:11:27.155	57524	74424	6	6	1	0	118.00	71.58
2008:311:23:11:27.155	2008:311:23:16:27.155	57524	74424	6	6	1	0	118.00	76.16
2008:311:23:16:27.155	2008:311:23:21:27.155	57524	74424	6	6	1	0	118.00	91.90
2008:311:23:21:27.155	2008:311:23:26:27.155	57524	74424	6	6	1	0	118.00	114.32
2008:311:23:26:27.155	2008:311:23:31:27.155	57524	74424	6	6	1	0	118.00	136.32
2008:311:23:31:27.155	2008:311:23:35:30.238	57524	74424	6	6	1	0	118.00	149.92
2008:311:23:35:30.238	2008:311:23:39:59.983	57524	74424	6	6	1	0	118.00	152.78
2008:311:23:39:59.983	2008:311:23:40:10.234	10380	71368	6	6	1	0	118.00	152.78
2008:311:23:40:10.234	2008:311:23:44:50.583	10380	71368	6	6	1	0	118.00	152.78
2008:311:23:44:50.583	2008:311:23:44:54.583	10380	71368	6	6	1	0	118.00	152.78
2008:311:23:44:54.583	2008:311:23:44:58.583	10380	71368	6	6	1	0	118.00	152.78
2008:311:23:44:58.583	2008:311:23:45:10.234	10380	71368	0	0	1	0	40.00	152.78
2008:311:23:45:10.234	2008:311:23:45:22.583	10380	71368	0	0	1	0	40.00	152.76
2008:311:23:45:22.583	2008:311:23:46:29.583	10380	71368	1	1	1	0	58.30	152.76
2008:311:23:46:29.583	2008:311:23:50:10.234	10380	71368	1	1	1	1	57.00	152.76
2008:311:23:50:10.234	2008:311:23:55:10.234	10380	71368	1	1	1	1	57.00	152.66
2008:311:23:55:10.234	2008:312:00:00:10.234	10380	71368	1	1	1	1	57.00	152.42
2008:312:00:00:10.234	2008:312:00:05:10.234	10380	71368	1	1	1	1	57.00	152.11
2008:312:00:05:10.234	2008:312:00:10:10.234	10380	71368	1	1	1	1	57.00	151.78
2008:312:00:10:10.234	2008:312:00:15:10.234	10380	71368	1	1	1	1	57.00	151.47
2008:312:00:15:10.234	2008:312:00:20:10.234	10380	71368	1	1	1	1	57.00	151.24
2008:312:00:20:10.234	2008:312:00:24:50.193	10380	71368	1	1	1	1	57.00	151.15
2008:312:00:24:50.193	2008:312:02:34:50.193	10380	71368	1	1	1	1	57.00	151.13
2008:312:02:34:50.193	2008:312:04:44:50.193	10380	71368	1	1	1	1	57.00	151.04
2008:312:04:44:50.193	2008:312:06:54:50.193	10380	71368	1	1	1	1	57.00	150.95
2008:312:06:54:50.193	2008:312:09:04:50.193	10380	71368	1	1	1	1	57.00	150.86
2008:312:09:04:50.193	2008:312:10:45:49.940	10380	71368	1	1	1	1	57.00	150.77
2008:312:10:45:49.940	2008:312:10:46:00.191	10380	71368	1	1	1	0	58.30	150.77
2008:312:10:46:00.191	2008:312:10:48:49.940	10380	71368	1	1	1	0	58.30	150.70
2008:312:10:48:49.940	2008:312:10:50:40.191	57523	71368	1	1	1	0	58.30	150.70
2008:312:10:50:40.191	2008:312:10:55:20.191	57523	71368	1	1	1	0	58.30	150.74
2008:312:10:55:20.191	2008:312:11:00:00.191	57523	71368	1	1	1	0	58.30	150.91
2008:312:11:00:00.191	2008:312:11:04:40.191	57523	71368	1	1	1	0	58.30	151.28
2008:312:11:04:40.191	2008:312:11:09:20.191	57523	71368	1	1	1	0	58.30	151.75
2008:312:11:09:20.191	2008:312:11:14:00.191	57523	71368	1	1	1	0	58.30	152.25
2008:312:11:14:00.191	2008:312:11:18:40.191	57523	71368	1	1	1	0	58.30	152.73
2008:312:11:18:40.191	2008:312:11:23:20.191	57523	71368	1	1	1	0	58.30	153.08
2008:312:11:23:20.191	2008:312:11:26:35.801	57523	71368	1	1	1	0	58.30	153.22
2008:312:11:26:35.801	2008:312:11:31:05.547	57523	71368	1	1	1	0	58.30	153.24
2008:312:11:31:05.547	2008:312:11:31:15.798	09099	75624	1	1	1	0	58.30	153.24
2008:312:11:31:15.798	2008:312:11:34:05.547	09099	75624	1	1	1	0	58.30	153.24
2008:312:11:34:05.547	2008:312:11:34:09.547	09099	75624	1	1	1	0	58.30	153.24
2008:312:11:34:09.547	2008:312:11:34:13.547	09099	75624	1	1	1	0	58.30	153.24
2008:312:11:34:13.547	2008:312:11:34:37.547	09099	75624	0	0	1	0	40.00	153.24
2008:312:11:34:37.547	2008:312:11:35:44.547	09099	75624	6	6	1	0	118.00	153.24
2008:312:11:35:44.547	2008:312:11:35:45.798	09099	75624	6	6	1	1	129.00	153.24
2008:312:11:35:45.798	2008:312:11:40:15.798	09099	75624	6	6	1	1	129.00	149.67
2008:312:11:40:15.798	2008:312:11:44:45.798	09099	75624	6	6	1	1	129.00	137.15
2008:312:11:44:45.798	2008:312:11:49:15.798	09099	75624	6	6	1	1	129.00	117.63
2008:312:11:49:15.798	2008:312:11:53:45.798	09099	75624	6	6	1	1	129.00	98.83
2008:312:11:53:45.798	2008:312:11:57:27.723	09099	75624	6	6	1	1	129.00	87.96
2008:312:11:57:27.723	2008:312:14:02:27.723	09099	75624	6	6	1	1	129.00	85.68
2008:312:14:02:27.723	2008:312:15:40:18.618	09099	75624	6	6	1	1	129.00	85.72
2008:312:15:40:18.618	2008:312:15:55:18.618	09099	-99616	6	6	1	0	118.00	85.72
2008:312:15:55:18.618	2008:312:15:55:28.869	57522	-99616	6	6	1	0	118.00	85.72
2008:312:15:55:28.869	2008:312:15:58:18.618	57522	-99616	6	6	1	0	118.00	85.75
2008:312:15:58:18.618	2008:312:15:58:22.618	57522	-99616	6	6	1	0	118.00	85.75
2008:312:15:58:22.618	2008:312:15:58:26.618	57522	-99616	6	6	1	0	118.00	85.75
2008:312:15:58:26.618	2008:312:15:58:50.618	57522	-99616	0	0	1	0	40.00	85.75
2008:312:15:58:50.618	2008:312:15:59:57.618	57522	-99616	6	6	1	0	118.00	85.75
2008:312:15:59:57.618	2008:312:16:00:28.869	57522	-99616	6	6	1	1	129.00	85.75
2008:312:16:00:28.869	2008:312:16:05:28.869	57522	-99616	6	6	1	1	129.00	89.48
2008:312:16:05:28.869	2008:312:16:10:28.869	57522	-99616	6	6	1	1	129.00	102.71
2008:312:16:10:28.869	2008:312:16:15:28.869	57522	-99616	6	6	1	1	129.00	122.17
2008:312:16:15:28.869	2008:312:16:20:28.869	57522	-99616	6	6	1	1	129.00	141.35
2008:312:16:20:28.869	2008:312:16:24:19.178	57522	-99616	6	6	1	1	129.00	152.65
2008:312:16:24:19.178	2008:312:18:33:58.618	57522	-99616	6	6	1	1	129.00	154.77
2008:312:18:33:58.618	2008:312:18:35:58.618	57522	-99616	6	6	1	0	118.00	154.77
2008:312:18:35:58.618	2008:312:18:36:07.618	57522	-99616	6	6	1	0	118.00	154.77
2008:312:18:36:07.618	2008:312:18:49:19.178	57522	-99616	6	6	0	0	96.60	154.77
2008:312:18:49:19.178	2008:312:21:14:19.178	57522	-99616	6	6	0	0	96.60	154.86
2008:312:21:14:19.178	2008:312:23:39:19.178	57522	-99616	6	6	0	0	96.60	154.95
2008:312:23:39:19.178	2008:313:01:44:06.577	57522	-99616	6	6	0	0	96.60	155.04
2008:313:01:44:06.577	2008:313:01:44:16.828	57521	-99616	6	6	0	0	96.60	155.04
2008:313:01:44:16.828	2008:313:01:49:06.828	57521	-99616	6	6	0	0	96.60	155.12
2008:313:01:49:06.828	2008:313:01:53:56.828	57521	-99616	6	6	0	0	96.60	155.24
2008:313:01:53:56.828	2008:313:01:58:22.998	57521	-99616	6	6	0	0	96.60	155.57
2008:313:01:58:22.998	2008:313:03:58:22.998	57521	-99616	6	6	0	0	96.60	155.68
2008:313:03:58:22.998	2008:313:05:02:42.741	57521	-99616	6	6	0	0	96.60	155.74
2008:313:05:02:42.741	2008:313:05:02:46.741	57521	-99616	6	6	0	0	96.60	155.74
2008:313:05:02:46.741	2008:313:05:02:50.741	57521	-99616	6	6	0	0	96.60	155.74
2008:313:05:02:50.741	2008:313:05:03:14.741	57521	-99616	0	0	1	0	40.00	155.74
2008:313:05:03:14.741	2008:313:05:04:44.741	57521	-99616	6	6	1	0	118.00	155.74
2008:313:05:04:44.741	2008:313:05:58:22.998	57521	-99616	6	6	1	1	129.00	155.74
2008:313:05:58:22.998	2008:313:07:46:22.741	57521	-99616	6	6	1	1	129.00	155.80
2008:313:07:46:22.741	2008:313:07:49:22.741	57521	-99616	6	6	1	0	118.00	155.80
2008:313:07:49:22.741	2008:313:07:49:32.992	09825	-50504	6	6	1	0	118.00	155.80
2008:313:07:49:32.992	2008:313:07:54:02.992	09825	-50504	6	6	1	0	118.00	155.86
2008:313:07:54:02.992	2008:313:07:58:32.992	09825	-50504	6	6	1	0	118.00	155.29
2008:313:07:58:32.992	2008:313:08:00:42.732	09825	-50504	6	6	1	0	118.00	153.04
2008:313:08:00:42.732	2008:313:08:03:02.992	09825	-50504	6	6	1	0	118.00	153.04
2008:313:08:03:02.992	2008:313:08:03:45.732	09825	-50504	6	6	1	0	118.00	149.07
2008:313:08:03:45.732	2008:313:08:03:49.732	09825	-50504	6	6	1	0	118.00	149.07
2008:313:08:03:49.732	2008:313:08:04:13.732	09825	-50504	0	0	1	0	40.00	149.07
2008:313:08:04:13.732	2008:313:08:05:20.732	09825	-50504	5	5	1	0	112.30	149.07
2008:313:08:05:20.732	2008:313:08:07:32.992	09825	-50504	5	5	1	1	113.90	149.07
2008:313:08:07:32.992	2008:313:08:12:02.992	09825	-50504	5	5	1	1	113.90	145.13
2008:313:08:12:02.992	2008:313:08:15:53.988	09825	-50504	5	5	1	1	113.90	142.92
2008:313:08:15:53.988	2008:313:10:15:53.988	09825	-50504	5	5	1	1	113.90	142.45
2008:313:10:15:53.988	2008:313:12:15:53.988	09825	-50504	5	5	1	1	113.90	142.41
2008:313:12:15:53.988	2008:313:13:54:43.732	09825	-50504	5	5	1	1	113.90	142.38
2008:313:13:54:43.732	2008:313:13:57:43.732	09825	-50504	5	5	1	0	112.30	142.38
2008:313:13:57:43.732	2008:313:13:57:53.983	10775	74424	5	5	1	0	112.30	142.38
2008:313:13:57:53.983	2008:313:14:02:34.332	10775	74424	5	5	1	0	112.30	142.35
2008:313:14:02:34.332	2008:313:14:02:38.332	10775	74424	5	5	1	0	112.30	142.35
2008:313:14:02:38.332	2008:313:14:02:42.332	10775	74424	5	5	1	0	112.30	142.35
2008:313:14:02:42.332	2008:313:14:02:43.983	10775	74424	0	0	1	0	40.00	142.35
2008:313:14:02:43.983	2008:313:14:03:06.332	10775	74424	0	0	1	0	40.00	139.72
2008:313:14:03:06.332	2008:313:14:04:13.332	10775	74424	6	6	1	0	118.00	139.72
2008:313:14:04:13.332	2008:313:14:07:33.983	10775	74424	6	6	1	1	129.00	139.72
2008:313:14:07:33.983	2008:313:14:12:23.983	10775	74424	6	6	1	1	129.00	129.66
2008:313:14:12:23.983	2008:313:14:17:13.983	10775	74424	6	6	1	1	129.00	113.54
2008:313:14:17:13.983	2008:313:14:22:03.983	10775	74424	6	6	1	1	129.00	97.06
2008:313:14:22:03.983	2008:313:14:26:53.983	10775	74424	6	6	1	1	129.00	82.06
2008:313:14:26:53.983	2008:313:14:30:27.268	10775	74424	6	6	1	1	129.00	74.13
2008:313:14:30:27.268	2008:313:16:45:27.268	10775	74424	6	6	1	1	129.00	72.79
2008:313:16:45:27.268	2008:313:19:00:27.268	10775	74424	6	6	1	1	129.00	72.86
2008:313:19:00:27.268	2008:313:21:15:27.268	10775	74424	6	6	1	1	129.00	72.93
2008:313:21:15:27.268	2008:313:23:07:17.013	10775	74424	6	6	1	1	129.00	73.00
2008:313:23:07:17.013	2008:313:23:07:27.264	10775	74424	6	6	1	0	118.00	73.00
2008:313:23:07:27.264	2008:313:23:10:17.013	10775	74424	6	6	1	0	118.00	73.06
2008:313:23:10:17.013	2008:313:23:12:27.264	57520	74424	6	6	1	0	118.00	73.06
2008:313:23:12:27.264	2008:313:23:17:27.264	57520	74424	6	6	1	0	118.00	77.63
2008:313:23:17:27.264	2008:313:23:22:27.264	57520	74424	6	6	1	0	118.00	93.37
2008:313:23:22:27.264	2008:313:23:27:27.264	57520	74424	6	6	1	0	118.00	115.78
2008:313:23:27:27.264	2008:313:23:32:27.264	57520	74424	6	6	1	0	118.00	137.67
2008:313:23:32:27.264	2008:313:23:36:20.567	57520	74424	6	6	1	0	118.00	150.92
2008:313:23:36:20.567	2008:313:23:40:50.311	57520	74424	6	6	1	0	118.00	153.52
2008:313:23:40:50.311	2008:313:23:41:00.562	10799	71368	6	6	1	0	118.00	153.52
2008:313:23:41:00.562	2008:313:23:45:40.911	10799	71368	6	6	1	0	118.00	153.52
2008:313:23:45:40.911	2008:313:23:45:44.911	10799	71368	6	6	1	0	118.00	153.52
2008:313:23:45:44.911	2008:313:23:45:48.911	10799	71368	6	6	1	0	118.00	153.52
2008:313:23:45:48.911	2008:313:23:46:00.562	10799	71368	0	0	1	0	40.00	153.52
2008:313:23:46:00.562	2008:313:23:46:12.911	10799	71368	0	0	1	0	40.00	153.45
2008:313:23:46:12.911	2008:313:23:47:19.911	10799	71368	1	1	1	0	58.30	153.45
2008:313:23:47:19.911	2008:313:23:51:00.562	10799	71368	1	1	1	1	57.00	153.45
2008:313:23:51:00.562	2008:313:23:56:00.562	10799	71368	1	1	1	1	57.00	153.10
2008:313:23:56:00.562	2008:314:00:01:00.562	10799	71368	1	1	1	1	57.00	152.38
2008:314:00:01:00.562	2008:314:00:06:00.562	10799	71368	1	1	1	1	57.00	151.51
2008:314:00:06:00.562	2008:314:00:11:00.562	10799	71368	1	1	1	1	57.00	150.64
2008:314:00:11:00.562	2008:314:00:16:00.562	10799	71368	1	1	1	1	57.00	149.88
2008:314:00:16:00.562	2008:314:00:21:00.562	10799	71368	1	1	1	1	57.00	149.36
2008:314:00:21:00.562	2008:314:00:24:46.500	10799	71368	1	1	1	1	57.00	149.18
2008:314:00:24:46.500	2008:314:02:54:46.500	10799	71368	1	1	1	1	57.00	149.16
2008:314:02:54:46.500	2008:314:05:24:46.500	10799	71368	1	1	1	1	57.00	149.05
2008:314:05:24:46.500	2008:314:07:54:46.500	10799	71368	1	1	1	1	57.00	148.95
2008:314:07:54:46.500	2008:314:10:12:26.246	10799	71368	1	1	1	1	57.00	148.85
2008:314:10:12:26.246	2008:314:10:12:36.497	10799	75624	1	1	1	0	58.30	148.85
2008:314:10:12:36.497	2008:314:10:15:26.246	10799	75624	1	1	1	0	58.30	148.75
2008:314:10:15:26.246	2008:314:10:15:30.246	09928	75624	1	1	1	0	58.30	148.75
2008:314:10:15:30.246	2008:314:10:15:34.246	09928	75624	1	1	1	0	58.30	148.75
2008:314:10:15:34.246	2008:314:10:15:58.246	09928	75624	0	0	1	0	40.00	148.75
2008:314:10:15:58.246	2008:314:10:17:05.246	09928	75624	1	1	1	0	58.30	148.75
2008:314:10:17:05.246	2008:314:10:17:16.497	09928	75624	1	1	1	1	57.00	148.75
2008:314:10:17:16.497	2008:314:10:21:56.497	09928	75624	1	1	1	1	57.00	148.74
2008:314:10:21:56.497	2008:314:10:26:36.497	09928	75624	1	1	1	1	57.00	148.73
2008:314:10:26:36.497	2008:314:10:31:16.497	09928	75624	1	1	1	1	57.00	148.80
2008:314:10:31:16.497	2008:314:10:35:56.497	09928	75624	1	1	1	1	57.00	148.97
2008:314:10:35:56.497	2008:314:10:40:36.497	09928	75624	1	1	1	1	57.00	149.23
2008:314:10:40:36.497	2008:314:10:45:16.497	09928	75624	1	1	1	1	57.00	149.53
2008:314:10:45:16.497	2008:314:10:49:56.497	09928	75624	1	1	1	1	57.00	149.85
2008:314:10:49:56.497	2008:314:10:54:36.497	09928	75624	1	1	1	1	57.00	150.13
2008:314:10:54:36.497	2008:314:10:59:16.497	09928	75624	1	1	1	1	57.00	150.32
2008:314:10:59:16.497	2008:314:11:02:32.922	09928	75624	1	1	1	1	57.00	150.40
2008:314:11:02:32.922	2008:314:13:17:32.922	09928	75624	1	1	1	1	57.00	150.41
2008:314:13:17:32.922	2008:314:15:22:56.670	09928	75624	1	1	1	1	57.00	150.50
2008:314:15:22:56.670	2008:314:15:23:06.921	09928	75624	1	1	1	0	58.30	150.50
2008:314:15:23:06.921	2008:314:15:25:56.670	09928	75624	1	1	1	0	58.30	150.58
2008:314:15:25:56.670	2008:314:15:26:00.670	09225	75624	1	1	1	0	58.30	150.58
2008:314:15:26:00.670	2008:314:15:26:04.670	09225	75624	1	1	1	0	58.30	150.58
2008:314:15:26:04.670	2008:314:15:26:28.670	09225	75624	0	0	1	0	40.00	150.58
2008:314:15:26:28.670	2008:314:15:27:35.670	09225	75624	5	5	1	0	112.30	150.58
2008:314:15:27:35.670	2008:314:15:28:06.921	09225	75624	5	5	1	1	113.90	150.58
2008:314:15:28:06.921	2008:314:15:33:06.921	09225	75624	5	5	1	1	113.90	150.62
2008:314:15:33:06.921	2008:314:15:38:06.921	09225	75624	5	5	1	1	113.90	150.82
2008:314:15:38:06.921	2008:314:15:43:06.921	09225	75624	5	5	1	1	113.90	151.38
2008:314:15:43:06.921	2008:314:15:48:06.921	09225	75624	5	5	1	1	113.90	152.18
2008:314:15:48:06.921	2008:314:15:53:06.921	09225	75624	5	5	1	1	113.90	153.11
2008:314:15:53:06.921	2008:314:15:58:06.921	09225	75624	5	5	1	1	113.90	154.03
2008:314:15:58:06.921	2008:314:16:03:06.921	09225	75624	5	5	1	1	113.90	154.81
2008:314:16:03:06.921	2008:314:16:08:06.921	09225	75624	5	5	1	1	113.90	155.29
2008:314:16:08:06.921	2008:314:16:11:52.548	09225	75624	5	5	1	1	113.90	155.41
2008:314:16:11:52.548	2008:314:17:46:52.548	09225	75624	5	5	1	1	113.90	155.41
2008:314:17:46:52.548	2008:314:19:11:12.296	09225	75624	5	5	1	1	113.90	155.35
2008:314:19:11:12.296	2008:314:19:11:22.547	09225	75624	5	5	1	0	112.30	155.35
2008:314:19:11:22.547	2008:314:19:14:12.296	09225	75624	5	5	1	0	112.30	155.30
2008:314:19:14:12.296	2008:314:19:16:02.547	57519	75624	5	5	1	0	112.30	155.30
2008:314:19:16:02.547	2008:314:19:20:42.547	57519	75624	5	5	1	0	112.30	155.29
2008:314:19:20:42.547	2008:314:19:25:22.547	57519	75624	5	5	1	0	112.30	155.28
2008:314:19:25:22.547	2008:314:19:30:02.547	57519	75624	5	5	1	0	112.30	155.28
2008:314:19:30:02.547	2008:314:19:34:42.547	57519	75624	5	5	1	0	112.30	155.28
2008:314:19:34:42.547	2008:314:19:39:22.547	57519	75624	5	5	1	0	112.30	155.30
2008:314:19:39:22.547	2008:314:19:44:02.547	57519	75624	5	5	1	0	112.30	155.33
2008:314:19:44:02.547	2008:314:19:48:42.547	57519	75624	5	5	1	0	112.30	155.36
2008:314:19:48:42.547	2008:314:19:53:22.547	57519	75624	5	5	1	0	112.30	155.39
2008:314:19:53:22.547	2008:314:19:57:09.803	57519	75624	5	5	1	0	112.30	155.42
2008:314:19:57:09.803	2008:314:20:01:39.549	57519	75624	5	5	1	0	112.30	155.42
2008:314:20:01:39.549	2008:314:20:01:49.800	10403	74424	5	5	1	0	112.30	155.42
2008:314:20:01:49.800	2008:314:20:06:30.149	10403	74424	5	5	1	0	112.30	155.42
2008:314:20:06:30.149	2008:314:20:06:34.149	10403	74424	5	5	1	0	112.30	155.42
2008:314:20:06:34.149	2008:314:20:06:38.149	10403	74424	5	5	1	0	112.30	155.42
2008:314:20:06:38.149	2008:314:20:06:49.800	10403	74424	0	0	1	0	40.00	155.42
2008:314:20:06:49.800	2008:314:20:07:02.149	10403	74424	0	0	1	0	40.00	150.87
2008:314:20:07:02.149	2008:314:20:08:09.149	10403	74424	6	6	1	0	118.00	150.87
2008:314:20:08:09.149	2008:314:20:11:49.800	10403	74424	6	6	1	1	129.00	150.87
2008:314:20:11:49.800	2008:314:20:16:49.800	10403	74424	6	6	1	1	129.00	135.18
2008:314:20:16:49.800	2008:314:20:21:49.800	10403	74424	6	6	1	1	129.00	112.85
2008:314:20:21:49.800	2008:314:20:26:49.800	10403	74424	6	6	1	1	129.00	90.84
2008:314:20:26:49.800	2008:314:20:31:04.818	10403	74424	6	6	1	1	129.00	76.87
2008:314:20:31:04.818	2008:314:22:46:04.818	10403	74424	6	6	1	1	129.00	73.72
2008:314:22:46:04.818	2008:315:01:01:04.818	10403	74424	6	6	1	1	129.00	73.79
2008:315:01:01:04.818	2008:315:03:16:04.818	10403	74424	6	6	1	1	129.00	73.86
2008:315:03:16:04.818	2008:315:05:31:04.818	10403	74424	6	6	1	1	129.00	73.93
2008:315:05:31:04.818	2008:315:07:08:46.024	10403	74424	6	6	1	1	129.00	74.00
2008:315:07:08:46.024	2008:315:07:23:46.024	10403	-99616	6	6	1	0	118.00	74.00
2008:315:07:23:46.024	2008:315:07:23:56.275	57518	-99616	6	6	1	0	118.00	74.00
2008:315:07:23:56.275	2008:315:07:26:46.024	57518	-99616	6	6	1	0	118.00	74.05
2008:315:07:26:46.024	2008:315:07:26:50.024	57518	-99616	6	6	1	0	118.00	74.05
2008:315:07:26:50.024	2008:315:07:26:54.024	57518	-99616	6	6	1	0	118.00	74.05
2008:315:07:26:54.024	2008:315:07:27:18.024	57518	-99616	0	0	1	0	40.00	74.05
2008:315:07:27:18.024	2008:315:07:28:25.024	57518	-99616	6	6	1	0	118.00	74.05
2008:315:07:28:25.024	2008:315:07:28:56.275	57518	-99616	6	6	1	1	129.00	74.05
2008:315:07:28:56.275	2008:315:07:33:56.275	57518	-99616	6	6	1	1	129.00	78.42
2008:315:07:33:56.275	2008:315:07:38:56.275	57518	-99616	6	6	1	1	129.00	93.56
2008:315:07:38:56.275	2008:315:07:43:56.275	57518	-99616	6	6	1	1	129.00	115.27
2008:315:07:43:56.275	2008:315:07:48:56.275	57518	-99616	6	6	1	1	129.00	136.93
2008:315:07:48:56.275	2008:315:07:53:42.981	57518	-99616	6	6	1	1	129.00	151.53
2008:315:07:53:42.981	2008:315:10:02:26.024	57518	-99616	6	6	1	1	129.00	155.42
2008:315:10:02:26.024	2008:315:10:05:26.024	57518	-99616	6	6	1	0	118.00	155.42
2008:315:10:05:26.024	2008:315:10:05:35.024	57518	-99616	6	6	1	0	118.00	155.42
2008:315:10:05:35.024	2008:315:10:05:60.000	57518	-99616	6	6	0	0	96.60	155.42
2008:315:10:05:60.000	2008:315:10:05:60.000	57518	-99616	6	6	0	0	96.60	155.51
