tstart	tstop	obsid	simpos	feps	ccds	vid	clk	power	pitch
2008:307:12:57:26.141	2008:307:13:02:16.141	57531	-99616	6	6	0	0	96.60	165.04
2008:307:13:02:16.141	2008:307:13:07:06.141	57531	-99616	6	6	0	0	96.60	164.82
2008:307:13:07:06.141	2008:307:13:11:56.141	57531	-99616	6	6	0	0	96.60	163.86
2008:307:13:11:56.141	2008:307:13:16:46.141	57531	-99616	6	6	0	0	96.60	162.03
2008:307:13:16:46.141	2008:307:13:21:36.141	57531	-99616	6	6	0	0	96.60	160.01
2008:307:13:21:36.141	2008:307:13:26:26.141	57531	-99616	6	6	0	0	96.60	158.09
2008:307:13:26:26.141	2008:307:13:31:16.141	57531	-99616	6	6	0	0	96.60	156.55
2008:307:13:31:16.141	2008:307:13:35:06.635	57531	-99616	6	6	0	0	96.60	155.84
2008:307:13:35:06.635	2008:307:15:30:06.635	57531	-99616	6	6	0	0	96.60	155.71
2008:307:15:30:06.635	2008:307:17:25:06.635	57531	-99616	6	6	0	0	96.60	155.67
2008:307:17:25:06.635	2008:307:19:06:57.788	57531	-99616	6	6	0	0	96.60	155.63
2008:307:19:06:57.788	2008:307:19:11:37.788	57530	-99616	6	6	0	0	96.60	155.60
2008:307:19:11:37.788	2008:307:19:16:17.788	57530	-99616	6	6	0	0	96.60	155.59
2008:307:19:16:17.788	2008:307:19:20:57.788	57530	-99616	6	6	0	0	96.60	155.59
2008:307:19:20:57.788	2008:307:19:25:37.788	57530	-99616	6	6	0	0	96.60	155.59
2008:307:19:25:37.788	2008:307:19:30:17.788	57530	-99616	6	6	0	0	96.60	155.61
2008:307:19:30:17.788	2008:307:19:34:57.788	57530	-99616	6	6	0	0	96.60	155.65
2008:307:19:34:57.788	2008:307:19:39:37.788	57530	-99616	6	6	0	0	96.60	155.70
2008:307:19:39:37.788	2008:307:19:44:17.788	57530	-99616	6	6	0	0	96.60	155.75
2008:307:19:44:17.788	2008:307:19:48:15.049	57530	-99616	6	6	0	0	96.60	155.78
2008:307:19:48:15.049	2008:307:21:48:15.049	57530	-99616	6	6	0	0	96.60	155.79
2008:307:21:48:15.049	2008:307:22:52:45.047	57530	-99616	6	6	0	0	96.60	155.77
2008:307:22:52:45.047	2008:307:22:52:49.047	57530	-99616	6	6	0	0	96.60	155.77
2008:307:22:52:49.047	2008:307:22:52:53.047	57530	-99616	6	6	0	0	96.60	155.77
2008:307:22:52:53.047	2008:307:22:53:17.047	57530	-99616	0	0	1	0	40.00	155.77
2008:307:22:53:17.047	2008:307:22:54:24.047	57530	-99616	6	6	1	0	118.00	155.77
2008:307:22:54:24.047	2008:307:23:48:15.049	57530	-99616	6	6	1	1	129.00	155.77
2008:307:23:48:15.049	2008:308:01:36:25.047	57530	-99616	6	6	1	1	129.00	155.75
2008:308:01:36:25.047	2008:308:01:39:25.047	57530	-99616	6	6	1	0	118.00	155.75
2008:308:01:39:25.047	2008:308:01:44:15.047	09634	-50505	6	6	1	0	118.00	155.73
2008:308:01:44:15.047	2008:308:01:49:05.047	09634	-50505	6	6	1	0	118.00	151.54
2008:308:01:49:05.047	2008:308:01:53:55.047	09634	-50505	6	6	1	0	118.00	137.00
2008:308:01:53:55.047	2008:308:01:58:45.047	09634	-50505	6	6	1	0	118.00	115.61
2008:308:01:58:45.047	2008:308:02:03:35.047	09634	-50505	6	6	1	0	118.00	94.55
2008:308:02:03:35.047	2008:308:02:07:49.736	09634	-50505	6	6	1	0	118.00	81.31
2008:308:02:07:49.736	2008:308:02:37:54.979	09634	-50505	6	6	1	0	118.00	78.18
2008:308:02:37:54.979	2008:308:02:37:58.979	09634	-50505	6	6	1	0	118.00	78.18
2008:308:02:37:58.979	2008:308:02:38:02.979	09634	-50505	6	6	1	0	118.00	78.18
2008:308:02:38:02.979	2008:308:02:38:26.979	09634	-50505	0	0	1	0	40.00	78.18
2008:308:02:38:26.979	2008:308:02:39:37.979	09634	-50505	5	5	1	0	112.30	78.18
2008:308:02:39:37.979	2008:308:02:45:39.732	09634	-50505	5	5	1	1	113.90	78.18
2008:308:02:45:39.732	2008:308:02:45:45.979	09635	-99612	5	5	1	1	113.90	78.18
2008:308:02:45:45.979	2008:308:02:49:45.984	09635	-99612	5	5	1	1	113.90	78.17
2008:308:02:49:45.984	2008:308:03:27:35.979	09635	-99612	5	5	1	1	113.90	78.17
2008:308:03:27:35.979	2008:308:03:31:35.984	09636	-99612	5	5	1	1	113.90	78.16
2008:308:03:31:35.984	2008:308:04:09:25.979	09636	-99612	5	5	1	1	113.90	78.16
2008:308:04:09:25.979	2008:308:04:13:25.984	09637	-99612	5	5	1	1	113.90	78.15
2008:308:04:13:25.984	2008:308:04:48:15.979	09637	-99612	5	5	1	1	113.90	78.14
2008:308:04:48:15.979	2008:308:04:51:15.979	09637	-99612	5	5	1	0	112.30	78.14
2008:308:04:51:15.979	2008:308:04:56:05.979	09716	-20676	5	5	1	0	112.30	78.13
2008:308:04:56:05.979	2008:308:05:00:05.601	09716	-20676	5	5	1	0	112.30	76.76
2008:308:05:00:05.601	2008:308:05:00:43.601	62813	-20676	5	5	1	0	112.30	76.76
2008:308:05:00:43.601	2008:308:05:00:47.601	62813	-20676	5	5	1	0	112.30	76.76
2008:308:05:00:47.601	2008:308:05:00:51.601	62813	-20676	5	5	1	0	112.30	76.76
2008:308:05:00:51.601	2008:308:05:00:55.979	62813	-20676	0	0	1	0	40.00	76.76
2008:308:05:00:55.979	2008:308:05:01:15.601	62813	-20676	0	0	1	0	40.00	71.60
2008:308:05:01:15.601	2008:308:05:02:22.601	62813	-20676	6	6	1	0	118.00	71.60
2008:308:05:02:22.601	2008:308:05:05:45.979	62813	-20676	6	6	1	1	129.00	71.60
2008:308:05:05:45.979	2008:308:05:10:35.979	62813	-20676	6	6	1	1	129.00	63.27
2008:308:05:10:35.979	2008:308:05:15:25.979	62813	-20676	6	6	1	1	129.00	55.00
2008:308:05:15:25.979	2008:308:05:19:44.605	62813	-20676	6	6	1	1	129.00	50.21
2008:308:05:19:44.605	2008:308:07:44:44.605	62813	-20676	6	6	1	1	129.00	49.15
2008:308:07:44:44.605	2008:308:10:09:44.605	62813	-20676	6	6	1	1	129.00	49.22
2008:308:10:09:44.605	2008:308:12:34:44.605	62813	-20676	6	6	1	1	129.00	49.30
2008:308:12:34:44.605	2008:308:14:59:44.605	62813	-20676	6	6	1	1	129.00	49.38
2008:308:14:59:44.605	2008:308:17:24:44.605	62813	-20676	6	6	1	1	129.00	49.45
2008:308:17:24:44.605	2008:308:19:14:34.601	62813	-20676	6	6	1	1	129.00	49.53
2008:308:19:14:34.601	2008:308:19:17:34.601	62813	-20676	6	6	1	0	118.00	49.53
2008:308:19:17:34.601	2008:308:19:22:34.601	57529	-20676	6	6	1	0	118.00	49.59
2008:308:19:22:34.601	2008:308:19:27:34.601	57529	-20676	6	6	1	0	118.00	54.16
2008:308:19:27:34.601	2008:308:19:32:34.601	57529	-20676	6	6	1	0	118.00	69.91
2008:308:19:32:34.601	2008:308:19:37:34.601	57529	-20676	6	6	1	0	118.00	92.34
2008:308:19:37:34.601	2008:308:19:42:34.601	57529	-20676	6	6	1	0	118.00	114.84
2008:308:19:42:34.601	2008:308:19:47:34.601	57529	-20676	6	6	1	0	118.00	136.66
2008:308:19:47:34.601	2008:308:19:51:21.860	57529	-20676	6	6	1	0	118.00	149.68
2008:308:19:51:21.860	2008:308:19:56:01.856	57529	-20676	6	6	1	0	118.00	152.13
2008:308:19:56:01.856	2008:308:19:59:01.856	10720	92905	6	6	1	0	118.00	152.14
2008:308:19:59:01.856	2008:308:19:59:05.856	10720	92905	6	6	1	0	118.00	152.14
2008:308:19:59:05.856	2008:308:19:59:09.856	10720	92905	6	6	1	0	118.00	152.14
2008:308:19:59:09.856	2008:308:19:59:33.856	10720	92905	0	0	1	0	40.00	152.14
2008:308:19:59:33.856	2008:308:20:00:40.856	10720	92905	5	5	1	0	112.30	152.14
2008:308:20:00:40.856	2008:308:20:00:41.856	10720	92905	5	5	1	1	113.90	152.14
2008:308:20:00:41.856	2008:308:20:05:21.856	10720	92905	5	5	1	1	113.90	151.94
2008:308:20:05:21.856	2008:308:20:10:01.856	10720	92905	5	5	1	1	113.90	151.11
2008:308:20:10:01.856	2008:308:20:14:41.856	10720	92905	5	5	1	1	113.90	149.52
2008:308:20:14:41.856	2008:308:20:19:21.856	10720	92905	5	5	1	1	113.90	147.75
2008:308:20:19:21.856	2008:308:20:24:01.856	10720	92905	5	5	1	1	113.90	146.03
2008:308:20:24:01.856	2008:308:20:28:41.856	10720	92905	5	5	1	1	113.90	144.59
2008:308:20:28:41.856	2008:308:20:33:21.856	10720	92905	5	5	1	1	113.90	143.60
2008:308:20:33:21.856	2008:308:20:37:27.942	10720	92905	5	5	1	1	113.90	143.23
2008:308:20:37:27.942	2008:308:22:52:27.942	10720	92905	5	5	1	1	113.90	143.17
2008:308:22:52:27.942	2008:309:01:07:27.942	10720	92905	5	5	1	1	113.90	143.16
2008:309:01:07:27.942	2008:309:03:22:27.942	10720	92905	5	5	1	1	113.90	143.15
2008:309:03:22:27.942	2008:309:05:37:27.942	10720	92905	5	5	1	1	113.90	143.15
2008:309:05:37:27.942	2008:309:07:52:27.942	10720	92905	5	5	1	1	113.90	143.14
2008:309:07:52:27.942	2008:309:09:53:37.940	10720	92905	5	5	1	1	113.90	143.13
2008:309:09:53:37.940	2008:309:09:56:37.940	10720	75620	5	5	1	0	112.30	143.12
2008:309:09:56:37.940	2008:309:09:56:41.940	10800	75620	5	5	1	0	112.30	143.12
2008:309:09:56:41.940	2008:309:09:56:45.940	10800	75620	5	5	1	0	112.30	143.12
2008:309:09:56:45.940	2008:309:09:57:09.940	10800	75620	0	0	1	0	40.00	143.12
2008:309:09:57:09.940	2008:309:09:57:57.940	10800	75620	5	5	1	0	112.30	143.12
2008:309:09:57:57.940	2008:309:09:58:16.940	10800	75620	5	5	1	0	112.30	141.38
2008:309:09:58:16.940	2008:309:10:02:17.940	10800	75620	5	5	1	1	113.90	141.38
2008:309:10:02:17.940	2008:309:10:06:26.663	10800	75620	5	5	1	1	113.90	136.42
2008:309:10:06:26.663	2008:309:12:11:26.663	10800	75620	5	5	1	1	113.90	134.79
2008:309:12:11:26.663	2008:309:14:16:26.663	10800	75620	5	5	1	1	113.90	134.76
2008:309:14:16:26.663	2008:309:16:21:26.663	10800	75620	5	5	1	1	113.90	134.73
2008:309:16:21:26.663	2008:309:18:15:33.940	10800	75620	5	5	1	1	113.90	134.70
2008:309:18:15:33.940	2008:309:18:18:33.940	10800	75620	5	5	1	0	112.30	134.67
2008:309:18:18:33.940	2008:309:18:18:37.940	09220	75620	5	5	1	0	112.30	134.67
2008:309:18:18:37.940	2008:309:18:18:41.940	09220	75620	5	5	1	0	112.30	134.67
2008:309:18:18:41.940	2008:309:18:19:05.940	09220	75620	0	0	1	0	40.00	134.67
2008:309:18:19:05.940	2008:309:18:20:03.940	09220	75620	1	1	1	0	58.30	134.67
2008:309:18:20:03.940	2008:309:18:20:12.940	09220	75620	1	1	1	0	58.30	135.63
2008:309:18:20:12.940	2008:309:18:24:33.940	09220	75620	1	1	1	1	57.00	135.63
2008:309:18:24:33.940	2008:309:18:29:03.940	09220	75620	1	1	1	1	57.00	139.20
2008:309:18:29:03.940	2008:309:18:33:33.940	09220	75620	1	1	1	1	57.00	145.25
2008:309:18:33:33.940	2008:309:18:38:03.940	09220	75620	1	1	1	1	57.00	151.33
2008:309:18:38:03.940	2008:309:18:42:09.997	09220	75620	1	1	1	1	57.00	154.78
2008:309:18:42:09.997	2008:309:20:47:09.997	09220	75620	1	1	1	1	57.00	155.58
2008:309:20:47:09.997	2008:309:22:52:09.997	09220	75620	1	1	1	1	57.00	155.49
2008:309:22:52:09.997	2008:310:00:23:56.858	09220	75620	1	1	1	1	57.00	155.40
2008:310:00:23:56.858	2008:310:00:38:56.858	09220	-99612	1	1	1	0	58.30	155.40
2008:310:00:38:56.858	2008:310:00:41:56.858	57528	-99612	1	1	1	0	58.30	155.33
2008:310:00:41:56.858	2008:310:00:42:00.858	57528	-99612	1	1	1	0	58.30	155.33
2008:310:00:42:00.858	2008:310:00:42:04.858	57528	-99612	1	1	1	0	58.30	155.33
2008:310:00:42:04.858	2008:310:00:42:28.858	57528	-99612	0	0	1	0	40.00	155.33
2008:310:00:42:28.858	2008:310:00:43:26.858	57528	-99612	6	6	1	0	118.00	155.33
2008:310:00:43:26.858	2008:310:00:43:35.858	57528	-99612	6	6	1	0	118.00	155.33
2008:310:00:43:35.858	2008:310:00:47:56.858	57528	-99612	6	6	1	1	129.00	155.33
2008:310:00:47:56.858	2008:310:00:52:26.858	57528	-99612	6	6	1	1	129.00	155.36
2008:310:00:52:26.858	2008:310:00:56:56.858	57528	-99612	6	6	1	1	129.00	155.41
2008:310:00:56:56.858	2008:310:01:01:26.858	57528	-99612	6	6	1	1	129.00	155.46
2008:310:01:01:26.858	2008:310:01:05:56.858	57528	-99612	6	6	1	1	129.00	155.52
2008:310:01:05:56.858	2008:310:01:10:26.858	57528	-99612	6	6	1	1	129.00	155.56
2008:310:01:10:26.858	2008:310:01:13:54.438	57528	-99612	6	6	1	1	129.00	155.58
2008:310:01:13:54.438	2008:310:03:05:06.858	57528	-99612	6	6	1	1	129.00	155.58
2008:310:03:05:06.858	2008:310:03:08:06.858	57528	-99612	6	6	1	0	118.00	155.58
2008:310:03:08:06.858	2008:310:03:08:15.858	57528	-99612	6	6	1	0	118.00	155.58
2008:310:03:08:15.858	2008:310:03:08:54.438	57528	-99612	6	6	0	0	96.60	155.58
2008:310:03:08:54.438	2008:310:04:49:21.055	57528	-99612	6	6	0	0	96.60	155.61
2008:310:04:49:21.055	2008:310:04:54:11.055	57527	-99612	6	6	0	0	96.60	155.63
2008:310:04:54:11.055	2008:310:04:59:01.055	57527	-99612	6	6	0	0	96.60	155.52
2008:310:04:59:01.055	2008:310:05:03:36.863	57527	-99612	6	6	0	0	96.60	155.23
2008:310:05:03:36.863	2008:310:06:58:36.863	57527	-99612	6	6	0	0	96.60	155.14
2008:310:06:58:36.863	2008:310:08:53:36.863	57527	-99612	6	6	0	0	96.60	155.14
2008:310:08:53:36.863	2008:310:10:35:23.454	57527	-99612	6	6	0	0	96.60	155.14
2008:310:10:35:23.454	2008:310:10:39:13.454	57526	-99612	6	6	0	0	96.60	155.14
2008:310:10:39:13.454	2008:310:10:43:03.454	57526	-99612	6	6	0	0	96.60	155.19
2008:310:10:43:03.454	2008:310:10:46:53.454	57526	-99612	6	6	0	0	96.60	155.36
2008:310:10:46:53.454	2008:310:10:50:14.372	57526	-99612	6	6	0	0	96.60	155.50
2008:310:10:50:14.372	2008:310:12:50:14.372	57526	-99612	6	6	0	0	96.60	155.53
2008:310:12:50:14.372	2008:310:13:54:44.366	57526	-99612	6	6	0	0	96.60	155.56
2008:310:13:54:44.366	2008:310:13:54:48.366	57526	-99612	6	6	0	0	96.60	155.56
2008:310:13:54:48.366	2008:310:13:54:52.366	57526	-99612	6	6	0	0	96.60	155.56
2008:310:13:54:52.366	2008:310:13:55:16.366	57526	-99612	0	0	1	0	40.00	155.56
2008:310:13:55:16.366	2008:310:13:56:23.366	57526	-99612	6	6	1	0	118.00	155.56
2008:310:13:56:23.366	2008:310:14:50:14.372	57526	-99612	6	6	1	1	129.00	155.56
2008:310:14:50:14.372	2008:310:16:38:24.366	57526	-99612	6	6	1	1	129.00	155.59
2008:310:16:38:24.366	2008:310:16:41:24.366	57526	-99612	6	6	1	0	118.00	155.59
2008:310:16:41:24.366	2008:310:16:45:54.366	10765	74427	6	6	1	0	118.00	155.62
2008:310:16:45:54.366	2008:310:16:46:14.966	10765	74427	6	6	1	0	118.00	152.01
2008:310:16:46:14.966	2008:310:16:46:18.966	10765	74427	6	6	1	0	118.00	152.01
2008:310:16:46:18.966	2008:310:16:46:22.966	10765	74427	6	6	1	0	118.00	152.01
2008:310:16:46:22.966	2008:310:16:46:46.966	10765	74427	0	0	1	0	40.00	152.01
2008:310:16:46:46.966	2008:310:16:47:53.966	10765	74427	6	6	1	0	118.00	152.01
2008:310:16:47:53.966	2008:310:16:50:24.366	10765	74427	6	6	1	1	129.00	152.01
2008:310:16:50:24.366	2008:310:16:54:54.366	10765	74427	6	6	1	1	129.00	139.37
2008:310:16:54:54.366	2008:310:16:59:24.366	10765	74427	6	6	1	1	129.00	119.67
2008:310:16:59:24.366	2008:310:17:03:54.366	10765	74427	6	6	1	1	129.00	99.45
2008:310:17:03:54.366	2008:310:17:08:24.366	10765	74427	6	6	1	1	129.00	80.02
2008:310:17:08:24.366	2008:310:17:12:33.524	10765	74427	6	6	1	1	129.00	68.09
2008:310:17:12:33.524	2008:310:19:07:33.524	10765	74427	6	6	1	1	129.00	65.08
2008:310:19:07:33.524	2008:310:21:02:33.524	10765	74427	6	6	1	1	129.00	65.10
2008:310:21:02:33.524	2008:310:22:42:03.520	10765	74427	6	6	1	1	129.00	65.12
2008:310:22:42:03.520	2008:310:22:45:03.520	10765	92905	6	6	1	0	118.00	65.14
2008:310:22:45:03.520	2008:310:22:47:03.520	10798	92905	6	6	1	0	118.00	65.14
2008:310:22:47:03.520	2008:310:22:49:54.120	10798	92905	6	6	1	0	118.00	69.50
2008:310:22:49:54.120	2008:310:22:49:58.120	10798	92905	6	6	1	0	118.00	69.50
2008:310:22:49:58.120	2008:310:22:50:02.120	10798	92905	6	6	1	0	118.00	69.50
2008:310:22:50:02.120	2008:310:22:50:26.120	10798	92905	0	0	1	0	40.00	69.50
2008:310:22:50:26.120	2008:310:22:51:33.120	10798	92905	5	5	1	0	112.30	69.50
2008:310:22:51:33.120	2008:310:22:52:03.520	10798	92905	5	5	1	1	113.90	69.50
2008:310:22:52:03.520	2008:310:22:57:03.520	10798	92905	5	5	1	1	113.90	84.61
2008:310:22:57:03.520	2008:310:23:02:03.520	10798	92905	5	5	1	1	113.90	106.31
2008:310:23:02:03.520	2008:310:23:07:03.520	10798	92905	5	5	1	1	113.90	127.54
2008:310:23:07:03.520	2008:310:23:11:00.112	10798	92905	5	5	1	1	113.90	140.38
2008:310:23:11:00.112	2008:311:01:21:00.112	10798	92905	5	5	1	1	113.90	142.93
2008:311:01:21:00.112	2008:311:03:31:00.112	10798	92905	5	5	1	1	113.90	142.92
2008:311:03:31:00.112	2008:311:05:41:00.112	10798	92905	5	5	1	1	113.90	142.91
2008:311:05:41:00.112	2008:311:07:51:00.112	10798	92905	5	5	1	1	113.90	142.89
2008:311:07:51:00.112	2008:311:10:01:00.112	10798	92905	5	5	1	1	113.90	142.88
2008:311:10:01:00.112	2008:311:12:11:00.112	10798	92905	5	5	1	1	113.90	142.87
2008:311:12:11:00.112	2008:311:14:07:10.108	10798	92905	5	5	1	1	113.90	142.86
2008:311:14:07:10.108	2008:311:14:10:10.108	10798	92905	5	5	1	0	112.30	142.84
2008:311:14:10:10.108	2008:311:14:12:00.108	57525	92905	5	5	1	0	112.30	142.84
2008:311:14:12:00.108	2008:311:14:16:50.108	57525	92905	5	5	1	0	112.30	143.14
2008:311:14:16:50.108	2008:311:14:21:40.108	57525	92905	5	5	1	0	112.30	144.39
2008:311:14:21:40.108	2008:311:14:26:30.108	57525	92905	5	5	1	0	112.30	146.71
2008:311:14:26:30.108	2008:311:14:31:20.108	57525	92905	5	5	1	0	112.30	149.43
2008:311:14:31:20.108	2008:311:14:36:10.108	57525	92905	5	5	1	0	112.30	152.18
2008:311:14:36:10.108	2008:311:14:41:00.108	57525	92905	5	5	1	0	112.30	154.50
2008:311:14:41:00.108	2008:311:14:45:19.601	57525	92905	5	5	1	0	112.30	155.57
2008:311:14:45:19.601	2008:311:14:49:59.598	57525	92905	5	5	1	0	112.30	155.77
2008:311:14:49:59.598	2008:311:14:54:19.598	10777	74427	5	5	1	0	112.30	155.77
2008:311:14:54:19.598	2008:311:14:54:50.198	10777	74427	5	5	1	0	112.30	152.54
2008:311:14:54:50.198	2008:311:14:54:54.198	10777	74427	5	5	1	0	112.30	152.54
2008:311:14:54:54.198	2008:311:14:54:58.198	10777	74427	5	5	1	0	112.30	152.54
2008:311:14:54:58.198	2008:311:14:55:22.198	10777	74427	0	0	1	0	40.00	152.54
2008:311:14:55:22.198	2008:311:14:56:29.198	10777	74427	6	6	1	0	118.00	152.54
2008:311:14:56:29.198	2008:311:14:58:39.598	10777	74427	6	6	1	1	129.00	152.54
2008:311:14:58:39.598	2008:311:15:02:59.598	10777	74427	6	6	1	1	129.00	141.09
2008:311:15:02:59.598	2008:311:15:07:19.598	10777	74427	6	6	1	1	129.00	122.66
2008:311:15:07:19.598	2008:311:15:11:39.598	10777	74427	6	6	1	1	129.00	103.47
2008:311:15:11:39.598	2008:311:15:15:59.598	10777	74427	6	6	1	1	129.00	85.27
2008:311:15:15:59.598	2008:311:15:20:06.909	10777	74427	6	6	1	1	129.00	74.24
2008:311:15:20:06.909	2008:311:17:20:06.909	10777	74427	6	6	1	1	129.00	71.35
2008:311:17:20:06.909	2008:311:19:20:06.909	10777	74427	6	6	1	1	129.00	71.41
2008:311:19:20:06.909	2008:311:21:20:06.909	10777	74427	6	6	1	1	129.00	71.47
2008:311:21:20:06.909	2008:311:23:06:16.904	10777	74427	6	6	1	1	129.00	71.53
2008:311:23:06:16.904	2008:311:23:09:16.904	10777	74427	6	6	1	0	118.00	71.58
2008:311:23:09:16.904	2008:311:23:11:16.904	57524	74427	6	6	1	0	118.00	71.58
2008:311:23:11:16.904	2008:311:23:16:16.904	57524	74427	6	6	1	0	118.00	76.16
2008:311:23:16:16.904	2008:311:23:21:16.904	57524	74427	6	6	1	0	118.00	91.90
2008:311:23:21:16.904	2008:311:23:26:16.904	57524	74427	6	6	1	0	118.00	114.32
2008:311:23:26:16.904	2008:311:23:31:16.904	57524	74427	6	6	1	0	118.00	136.32
2008:311:23:31:16.904	2008:311:23:35:19.987	57524	74427	6	6	1	0	118.00	149.92
2008:311:23:35:19.987	2008:311:23:39:59.983	57524	74427	6	6	1	0	118.00	152.78
2008:311:23:39:59.983	2008:311:23:44:50.583	10380	71364	6	6	1	0	118.00	152.78
2008:311:23:44:50.583	2008:311:23:44:54.583	10380	71364	6	6	1	0	118.00	152.78
2008:311:23:44:54.583	2008:311:23:44:58.583	10380	71364	6	6	1	0	118.00	152.78
2008:311:23:44:58.583	2008:311:23:44:59.983	10380	71364	0	0	1	0	40.00	152.78
2008:311:23:44:59.983	2008:311:23:45:22.583	10380	71364	0	0	1	0	40.00	152.76
2008:311:23:45:22.583	2008:311:23:46:29.583	10380	71364	1	1	1	0	58.30	152.76
2008:311:23:46:29.583	2008:311:23:49:59.983	10380	71364	1	1	1	1	57.00	152.76
2008:311:23:49:59.983	2008:311:23:54:59.983	10380	71364	1	1	1	1	57.00	152.66
2008:311:23:54:59.983	2008:311:23:59:59.983	10380	71364	1	1	1	1	57.00	152.42
2008:311:23:59:59.983	2008:312:00:04:59.983	10380	71364	1	1	1	1	57.00	152.11
2008:312:00:04:59.983	2008:312:00:09:59.983	10380	71364	1	1	1	1	57.00	151.78
2008:312:00:09:59.983	2008:312:00:14:59.983	10380	71364	1	1	1	1	57.00	151.47
2008:312:00:14:59.983	2008:312:00:19:59.983	10380	71364	1	1	1	1	57.00	151.25
2008:312:00:19:59.983	2008:312:00:24:39.942	10380	71364	1	1	1	1	57.00	151.15
2008:312:00:24:39.942	2008:312:02:34:39.942	10380	71364	1	1	1	1	57.00	151.13
2008:312:02:34:39.942	2008:312:04:44:39.942	10380	71364	1	1	1	1	57.00	151.04
2008:312:04:44:39.942	2008:312:06:54:39.942	10380	71364	1	1	1	1	57.00	150.95
2008:312:06:54:39.942	2008:312:09:04:39.942	10380	71364	1	1	1	1	57.00	150.86
2008:312:09:04:39.942	2008:312:10:45:49.940	10380	71364	1	1	1	1	57.00	150.77
2008:312:10:45:49.940	2008:312:10:48:49.940	10380	71364	1	1	1	0	58.30	150.70
2008:312:10:48:49.940	2008:312:10:50:29.940	57523	71364	1	1	1	0	58.30	150.70
2008:312:10:50:29.940	2008:312:10:55:09.940	57523	71364	1	1	1	0	58.30	150.74
2008:312:10:55:09.940	2008:312:10:59:49.940	57523	71364	1	1	1	0	58.30	150.91
2008:312:10:59:49.940	2008:312:11:04:29.940	57523	71364	1	1	1	0	58.30	151.28
2008:312:11:04:29.940	2008:312:11:09:09.940	57523	71364	1	1	1	0	58.30	151.75
2008:312:11:09:09.940	2008:312:11:13:49.940	57523	71364	1	1	1	0	58.30	152.25
2008:312:11:13:49.940	2008:312:11:18:29.940	57523	71364	1	1	1	0	58.30	152.73
2008:312:11:18:29.940	2008:312:11:23:09.940	57523	71364	1	1	1	0	58.30	153.08
2008:312:11:23:09.940	2008:312:11:26:25.550	57523	71364	1	1	1	0	58.30	153.22
2008:312:11:26:25.550	2008:312:11:31:05.547	57523	71364	1	1	1	0	58.30	153.24
2008:312:11:31:05.547	2008:312:11:34:05.547	09099	75620	1	1	1	0	58.30	153.24
2008:312:11:34:05.547	2008:312:11:34:09.547	09099	75620	1	1	1	0	58.30	153.24
2008:312:11:34:09.547	2008:312:11:34:13.547	09099	75620	1	1	1	0	58.30	153.24
2008:312:11:34:13.547	2008:312:11:34:37.547	09099	75620	0	0	1	0	40.00	153.24
2008:312:11:34:37.547	2008:312:11:35:35.547	09099	75620	6	6	1	0	118.00	153.24
2008:312:11:35:35.547	2008:312:11:35:44.547	09099	75620	6	6	1	0	118.00	149.67
2008:312:11:35:44.547	2008:312:11:40:05.547	09099	75620	6	6	1	1	129.00	149.67
2008:312:11:40:05.547	2008:312:11:44:35.547	09099	75620	6	6	1	1	129.00	137.15
2008:312:11:44:35.547	2008:312:11:49:05.547	09099	75620	6	6	1	1	129.00	117.63
2008:312:11:49:05.547	2008:312:11:53:35.547	09099	75620	6	6	1	1	129.00	98.83
2008:312:11:53:35.547	2008:312:11:57:17.472	09099	75620	6	6	1	1	129.00	87.96
2008:312:11:57:17.472	2008:312:14:02:17.472	09099	75620	6	6	1	1	129.00	85.68
2008:312:14:02:17.472	2008:312:15:40:18.618	09099	75620	6	6	1	1	129.00	85.72
2008:312:15:40:18.618	2008:312:15:55:18.618	09099	-99612	6	6	1	0	118.00	85.72
2008:312:15:55:18.618	2008:312:15:58:18.618	57522	-99612	6	6	1	0	118.00	85.75
2008:312:15:58:18.618	2008:312:15:58:22.618	57522	-99612	6	6	1	0	118.00	85.75
2008:312:15:58:22.618	2008:312:15:58:26.618	57522	-99612	6	6	1	0	118.00	85.75
2008:312:15:58:26.618	2008:312:15:58:50.618	57522	-99612	0	0	1	0	40.00	85.75
2008:312:15:58:50.618	2008:312:15:59:57.618	57522	-99612	6	6	1	0	118.00	85.75
2008:312:15:59:57.618	2008:312:16:00:18.618	57522	-99612	6	6	1	1	129.00	85.75
2008:312:16:00:18.618	2008:312:16:05:18.618	57522	-99612	6	6	1	1	129.00	89.48
2008:312:16:05:18.618	2008:312:16:10:18.618	57522	-99612	6	6	1	1	129.00	102.71
2008:312:16:10:18.618	2008:312:16:15:18.618	57522	-99612	6	6	1	1	129.00	122.17
2008:312:16:15:18.618	2008:312:16:20:18.618	57522	-99612	6	6	1	1	129.00	141.35
2008:312:16:20:18.618	2008:312:16:24:08.927	57522	-99612	6	6	1	1	129.00	152.65
2008:312:16:24:08.927	2008:312:18:33:58.618	57522	-99612	6	6	1	1	129.00	154.77
2008:312:18:33:58.618	2008:312:18:35:58.618	57522	-99612	6	6	1	0	118.00	154.77
2008:312:18:35:58.618	2008:312:18:36:07.618	57522	-99612	6	6	1	0	118.00	154.77
2008:312:18:36:07.618	2008:312:18:49:08.927	57522	-99612	6	6	0	0	96.60	154.77
2008:312:18:49:08.927	2008:312:21:14:08.927	57522	-99612	6	6	0	0	96.60	154.86
2008:312:21:14:08.927	2008:312:23:39:08.927	57522	-99612	6	6	0	0	96.60	154.95
2008:312:23:39:08.927	2008:313:01:44:06.577	57522	-99612	6	6	0	0	96.60	155.04
2008:313:01:44:06.577	2008:313:01:48:56.577	57521	-99612	6	6	0	0	96.60	155.12
2008:313:01:48:56.577	2008:313:01:53:46.577	57521	-99612	6	6	0	0	96.60	155.24
2008:313:01:53:46.577	2008:313:01:58:12.747	57521	-99612	6	6	0	0	96.60	155.57
2008:313:01:58:12.747	2008:313:03:58:12.747	57521	-99612	6	6	0	0	96.60	155.68
2008:313:03:58:12.747	2008:313:05:02:42.741	57521	-99612	6	6	0	0	96.60	155.74
2008:313:05:02:42.741	2008:313:05:02:46.741	57521	-99612	6	6	0	0	96.60	155.74
2008:313:05:02:46.741	2008:313:05:02:50.741	57521	-99612	6	6	0	0	96.60	155.74
2008:313:05:02:50.741	2008:313:05:03:14.741	57521	-99612	0	0	1	0	40.00	155.74
2008:313:05:03:14.741	2008:313:05:04:44.741	57521	-99612	6	6	1	0	118.00	155.74
2008:313:05:04:44.741	2008:313:05:58:12.747	57521	-99612	6	6	1	1	129.00	155.74
2008:313:05:58:12.747	2008:313:07:46:22.741	57521	-99612	6	6	1	1	129.00	155.80
2008:313:07:46:22.741	2008:313:07:49:22.741	57521	-99612	6	6	1	0	118.00	155.80
2008:313:07:49:22.741	2008:313:07:53:52.741	09825	-50505	6	6	1	0	118.00	155.86
2008:313:07:53:52.741	2008:313:07:58:22.741	09825	-50505	6	6	1	0	118.00	155.29
2008:313:07:58:22.741	2008:313:08:00:42.732	09825	-50505	6	6	1	0	118.00	153.04
2008:313:08:00:42.732	2008:313:08:02:52.741	09825	-50505	6	6	1	0	118.00	153.04
2008:313:08:02:52.741	2008:313:08:03:45.732	09825	-50505	6	6	1	0	118.00	149.07
2008:313:08:03:45.732	2008:313:08:03:49.732	09825	-50505	6	6	1	0	118.00	149.07
2008:313:08:03:49.732	2008:313:08:04:13.732	09825	-50505	0	0	1	0	40.00	149.07
2008:313:08:04:13.732	2008:313:08:05:20.732	09825	-50505	5	5	1	0	112.30	149.07
2008:313:08:05:20.732	2008:313:08:07:22.741	09825	-50505	5	5	1	1	113.90	149.07
2008:313:08:07:22.741	2008:313:08:11:52.741	09825	-50505	5	5	1	1	113.90	145.13
2008:313:08:11:52.741	2008:313:08:15:43.737	09825	-50505	5	5	1	1	113.90	142.92
2008:313:08:15:43.737	2008:313:10:15:43.737	09825	-50505	5	5	1	1	113.90	142.45
2008:313:10:15:43.737	2008:313:12:15:43.737	09825	-50505	5	5	1	1	113.90	142.41
2008:313:12:15:43.737	2008:313:13:54:43.732	09825	-50505	5	5	1	1	113.90	142.38
2008:313:13:54:43.732	2008:313:13:57:43.732	09825	-50505	5	5	1	0	112.30	142.38
2008:313:13:57:43.732	2008:313:14:02:33.732	10775	74427	5	5	1	0	112.30	142.35
2008:313:14:02:33.732	2008:313:14:02:34.332	10775	74427	5	5	1	0	112.30	139.72
2008:313:14:02:34.332	2008:313:14:02:38.332	10775	74427	5	5	1	0	112.30	139.72
2008:313:14:02:38.332	2008:313:14:02:42.332	10775	74427	5	5	1	0	112.30	139.72
2008:313:14:02:42.332	2008:313:14:03:06.332	10775	74427	0	0	1	0	40.00	139.72
2008:313:14:03:06.332	2008:313:14:04:13.332	10775	74427	6	6	1	0	118.00	139.72
2008:313:14:04:13.332	2008:313:14:07:23.732	10775	74427	6	6	1	1	129.00	139.72
2008:313:14:07:23.732	2008:313:14:12:13.732	10775	74427	6	6	1	1	129.00	129.66
2008:313:14:12:13.732	2008:313:14:17:03.732	10775	74427	6	6	1	1	129.00	113.54
2008:313:14:17:03.732	2008:313:14:21:53.732	10775	74427	6	6	1	1	129.00	97.06
2008:313:14:21:53.732	2008:313:14:26:43.732	10775	74427	6	6	1	1	129.00	82.06
2008:313:14:26:43.732	2008:313:14:30:17.017	10775	74427	6	6	1	1	129.00	74.13
2008:313:14:30:17.017	2008:313:16:45:17.017	10775	74427	6	6	1	1	129.00	72.79
2008:313:16:45:17.017	2008:313:19:00:17.017	10775	74427	6	6	1	1	129.00	72.86
2008:313:19:00:17.017	2008:313:21:15:17.017	10775	74427	6	6	1	1	129.00	72.93
2008:313:21:15:17.017	2008:313:23:07:17.013	10775	74427	6	6	1	1	129.00	73.00
2008:313:23:07:17.013	2008:313:23:10:17.013	10775	74427	6	6	1	0	118.00	73.06
2008:313:23:10:17.013	2008:313:23:12:17.013	57520	74427	6	6	1	0	118.00	73.06
2008:313:23:12:17.013	2008:313:23:17:17.013	57520	74427	6	6	1	0	118.00	77.63
2008:313:23:17:17.013	2008:313:23:22:17.013	57520	74427	6	6	1	0	118.00	93.37
2008:313:23:22:17.013	2008:313:23:27:17.013	57520	74427	6	6	1	0	118.00	115.78
2008:313:23:27:17.013	2008:313:23:32:17.013	57520	74427	6	6	1	0	118.00	137.67
2008:313:23:32:17.013	2008:313:23:36:10.316	57520	74427	6	6	1	0	118.00	150.92
2008:313:23:36:10.316	2008:313:23:40:50.311	57520	74427	6	6	1	0	118.00	153.52
2008:313:23:40:50.311	2008:313:23:45:40.911	10799	71364	6	6	1	0	118.00	153.52
2008:313:23:45:40.911	2008:313:23:45:44.911	10799	71364	6	6	1	0	118.00	153.52
2008:313:23:45:44.911	2008:313:23:45:48.911	10799	71364	6	6	1	0	118.00	153.52
2008:313:23:45:48.911	2008:313:23:45:50.311	10799	71364	0	0	1	0	40.00	153.52
2008:313:23:45:50.311	2008:313:23:46:12.911	10799	71364	0	0	1	0	40.00	153.45
2008:313:23:46:12.911	2008:313:23:47:19.911	10799	71364	1	1	1	0	58.30	153.45
2008:313:23:47:19.911	2008:313:23:50:50.311	10799	71364	1	1	1	1	57.00	153.45
2008:313:23:50:50.311	2008:313:23:55:50.311	10799	71364	1	1	1	1	57.00	153.10
2008:313:23:55:50.311	2008:314:00:00:50.311	10799	71364	1	1	1	1	57.00	152.38
2008:314:00:00:50.311	2008:314:00:05:50.311	10799	71364	1	1	1	1	57.00	151.51
2008:314:00:05:50.311	2008:314:00:10:50.311	10799	71364	1	1	1	1	57.00	150.64
2008:314:00:10:50.311	2008:314:00:15:50.311	10799	71364	1	1	1	1	57.00	149.88
2008:314:00:15:50.311	2008:314:00:20:50.311	10799	71364	1	1	1	1	57.00	149.36
2008:314:00:20:50.311	2008:314:00:24:36.249	10799	71364	1	1	1	1	57.00	149.18
2008:314:00:24:36.249	2008:314:02:54:36.249	10799	71364	1	1	1	1	57.00	149.16
2008:314:02:54:36.249	2008:314:05:24:36.249	10799	71364	1	1	1	1	57.00	149.05
2008:314:05:24:36.249	2008:314:07:54:36.249	10799	71364	1	1	1	1	57.00	148.95
2008:314:07:54:36.249	2008:314:10:12:26.246	10799	71364	1	1	1	1	57.00	148.85
2008:314:10:12:26.246	2008:314:10:15:26.246	10799	75620	1	1	1	0	58.30	148.75
2008:314:10:15:26.246	2008:314:10:15:30.246	09928	75620	1	1	1	0	58.30	148.75
2008:314:10:15:30.246	2008:314:10:15:34.246	09928	75620	1	1	1	0	58.30	148.75
2008:314:10:15:34.246	2008:314:10:15:58.246	09928	75620	0	0	1	0	40.00	148.75
2008:314:10:15:58.246	2008:314:10:17:05.246	09928	75620	1	1	1	0	58.30	148.75
2008:314:10:17:05.246	2008:314:10:17:06.246	09928	75620	1	1	1	1	57.00	148.75
2008:314:10:17:06.246	2008:314:10:21:46.246	09928	75620	1	1	1	1	57.00	148.74
2008:314:10:21:46.246	2008:314:10:26:26.246	09928	75620	1	1	1	1	57.00	148.73
2008:314:10:26:26.246	2008:314:10:31:06.246	09928	75620	1	1	1	1	57.00	148.80
2008:314:10:31:06.246	2008:314:10:35:46.246	09928	75620	1	1	1	1	57.00	148.97
2008:314:10:35:46.246	2008:314:10:40:26.246	09928	75620	1	1	1	1	57.00	149.23
2008:314:10:40:26.246	2008:314:10:45:06.246	09928	75620	1	1	1	1	57.00	149.53
2008:314:10:45:06.246	2008:314:10:49:46.246	09928	75620	1	1	1	1	57.00	149.85
2008:314:10:49:46.246	2008:314:10:54:26.246	09928	75620	1	1	1	1	57.00	150.13
2008:314:10:54:26.246	2008:314:10:59:06.246	09928	75620	1	1	1	1	57.00	150.32
2008:314:10:59:06.246	2008:314:11:02:22.671	09928	75620	1	1	1	1	57.00	150.40
2008:314:11:02:22.671	2008:314:13:17:22.671	09928	75620	1	1	1	1	57.00	150.41
2008:314:13:17:22.671	2008:314:15:22:56.670	09928	75620	1	1	1	1	57.00	150.50
2008:314:15:22:56.670	2008:314:15:25:56.670	09928	75620	1	1	1	0	58.30	150.58
2008:314:15:25:56.670	2008:314:15:26:00.670	09225	75620	1	1	1	0	58.30	150.58
2008:314:15:26:00.670	2008:314:15:26:04.670	09225	75620	1	1	1	0	58.30	150.58
2008:314:15:26:04.670	2008:314:15:26:28.670	09225	75620	0	0	1	0	40.00	150.58
2008:314:15:26:28.670	2008:314:15:27:35.670	09225	75620	5	5	1	0	112.30	150.58
2008:314:15:27:35.670	2008:314:15:27:56.670	09225	75620	5	5	1	1	113.90	150.58
2008:314:15:27:56.670	2008:314:15:32:56.670	09225	75620	5	5	1	1	113.90	150.62
2008:314:15:32:56.670	2008:314:15:37:56.670	09225	75620	5	5	1	1	113.90	150.82
2008:314:15:37:56.670	2008:314:15:42:56.670	09225	75620	5	5	1	1	113.90	151.38
2008:314:15:42:56.670	2008:314:15:47:56.670	09225	75620	5	5	1	1	113.90	152.18
2008:314:15:47:56.670	2008:314:15:52:56.670	09225	75620	5	5	1	1	113.90	153.11
2008:314:15:52:56.670	2008:314:15:57:56.670	09225	75620	5	5	1	1	113.90	154.03
2008:314:15:57:56.670	2008:314:16:02:56.670	09225	75620	5	5	1	1	113.90	154.81
2008:314:16:02:56.670	2008:314:16:07:56.670	09225	75620	5	5	1	1	113.90	155.29
2008:314:16:07:56.670	2008:314:16:11:42.297	09225	75620	5	5	1	1	113.90	155.41
2008:314:16:11:42.297	2008:314:17:46:42.297	09225	75620	5	5	1	1	113.90	155.41
2008:314:17:46:42.297	2008:314:19:11:12.296	09225	75620	5	5	1	1	113.90	155.35
2008:314:19:11:12.296	2008:314:19:14:12.296	09225	75620	5	5	1	0	112.30	155.30
2008:314:19:14:12.296	2008:314:19:15:52.296	57519	75620	5	5	1	0	112.30	155.30
2008:314:19:15:52.296	2008:314:19:20:32.296	57519	75620	5	5	1	0	112.30	155.29
2008:314:19:20:32.296	2008:314:19:25:12.296	57519	75620	5	5	1	0	112.30	155.28
2008:314:19:25:12.296	2008:314:19:29:52.296	57519	75620	5	5	1	0	112.30	155.28
2008:314:19:29:52.296	2008:314:19:34:32.296	57519	75620	5	5	1	0	112.30	155.28
2008:314:19:34:32.296	2008:314:19:39:12.296	57519	75620	5	5	1	0	112.30	155.30
2008:314:19:39:12.296	2008:314:19:43:52.296	57519	75620	5	5	1	0	112.30	155.33
2008:314:19:43:52.296	2008:314:19:48:32.296	57519	75620	5	5	1	0	112.30	155.36
2008:314:19:48:32.296	2008:314:19:53:12.296	57519	75620	5	5	1	0	112.30	155.39
2008:314:19:53:12.296	2008:314:19:56:59.552	57519	75620	5	5	1	0	112.30	155.42
2008:314:19:56:59.552	2008:314:20:01:39.549	57519	75620	5	5	1	0	112.30	155.42
2008:314:20:01:39.549	2008:314:20:06:30.149	10403	74427	5	5	1	0	112.30	155.42
2008:314:20:06:30.149	2008:314:20:06:34.149	10403	74427	5	5	1	0	112.30	155.42
2008:314:20:06:34.149	2008:314:20:06:38.149	10403	74427	5	5	1	0	112.30	155.42
2008:314:20:06:38.149	2008:314:20:06:39.549	10403	74427	0	0	1	0	40.00	155.42
2008:314:20:06:39.549	2008:314:20:07:02.149	10403	74427	0	0	1	0	40.00	150.87
2008:314:20:07:02.149	2008:314:20:08:09.149	10403	74427	6	6	1	0	118.00	150.87
2008:314:20:08:09.149	2008:314:20:11:39.549	10403	74427	6	6	1	1	129.00	150.87
2008:314:20:11:39.549	2008:314:20:16:39.549	10403	74427	6	6	1	1	129.00	135.18
2008:314:20:16:39.549	2008:314:20:21:39.549	10403	74427	6	6	1	1	129.00	112.85
2008:314:20:21:39.549	2008:314:20:26:39.549	10403	74427	6	6	1	1	129.00	90.84
2008:314:20:26:39.549	2008:314:20:30:54.567	10403	74427	6	6	1	1	129.00	76.87
2008:314:20:30:54.567	2008:314:22:45:54.567	10403	74427	6	6	1	1	129.00	73.72
2008:314:22:45:54.567	2008:315:01:00:54.567	10403	74427	6	6	1	1	129.00	73.79
2008:315:01:00:54.567	2008:315:03:15:54.567	10403	74427	6	6	1	1	129.00	73.86
2008:315:03:15:54.567	2008:315:05:30:54.567	10403	74427	6	6	1	1	129.00	73.93
2008:315:05:30:54.567	2008:315:07:08:46.024	10403	74427	6	6	1	1	129.00	74.00
2008:315:07:08:46.024	2008:315:07:23:46.024	10403	-99612	6	6	1	0	118.00	74.00
2008:315:07:23:46.024	2008:315:07:26:46.024	57518	-99612	6	6	1	0	118.00	74.05
2008:315:07:26:46.024	2008:315:07:26:50.024	57518	-99612	6	6	1	0	118.00	74.05
2008:315:07:26:50.024	2008:315:07:26:54.024	57518	-99612	6	6	1	0	118.00	74.05
2008:315:07:26:54.024	2008:315:07:27:18.024	57518	-99612	0	0	1	0	40.00	74.05
2008:315:07:27:18.024	2008:315:07:28:25.024	57518	-99612	6	6	1	0	118.00	74.05
2008:315:07:28:25.024	2008:315:07:28:46.024	57518	-99612	6	6	1	1	129.00	74.05
2008:315:07:28:46.024	2008:315:07:33:46.024	57518	-99612	6	6	1	1	129.00	78.42
2008:315:07:33:46.024	2008:315:07:38:46.024	57518	-99612	6	6	1	1	129.00	93.56
2008:315:07:38:46.024	2008:315:07:43:46.024	57518	-99612	6	6	1	1	129.00	115.27
2008:315:07:43:46.024	2008:315:07:48:46.024	57518	-99612	6	6	1	1	129.00	136.93
2008:315:07:48:46.024	2008:315:07:48:46.024	57518	-99612	6	6	1	1	129.00	151.53
