tstart	tstop	obsid	simpos	feps	ccds	vid	clk	power	pitch
2008:363:21:36:43.692	2008:363:21:41:13.692		-99616	5	5	1	0	112.30	71.63
2008:363:21:41:13.692	2008:363:21:45:43.692		-99616	5	5	1	0	112.30	71.01
2008:363:21:45:43.692	2008:363:21:50:13.692		-99616	5	5	1	0	112.30	68.53
2008:363:21:50:13.692	2008:363:21:54:43.692		-99616	5	5	1	0	112.30	63.87
2008:363:21:54:43.692	2008:363:21:59:13.692		-99616	5	5	1	0	112.30	58.49
2008:363:21:59:13.692	2008:363:22:03:43.692		-99616	5	5	1	0	112.30	53.31
2008:363:22:03:43.692	2008:363:22:07:43.144		-99616	5	5	1	0	112.30	50.42
2008:363:22:07:43.144	2008:363:22:12:12.889		-99616	5	5	1	0	112.30	49.79
2008:363:22:12:12.889	2008:363:22:12:23.140	10845	75624	5	5	1	0	112.30	49.79
2008:363:22:12:23.140	2008:363:22:17:03.140	10845	75624	5	5	1	0	112.30	49.79
2008:363:22:17:03.140	2008:363:22:17:03.489	10845	75624	5	5	1	0	112.30	53.69
2008:363:22:17:03.489	2008:363:22:17:07.489	10845	75624	5	5	1	0	112.30	53.69
2008:363:22:17:07.489	2008:363:22:17:11.489	10845	75624	5	5	1	0	112.30	53.69
2008:363:22:17:11.489	2008:363:22:17:35.489	10845	75624	0	0	1	0	40.00	53.69
2008:363:22:17:35.489	2008:363:22:18:42.489	10845	75624	6	6	1	0	118.00	53.69
2008:363:22:18:42.489	2008:363:22:21:43.140	10845	75624	6	6	1	1	129.00	53.69
2008:363:22:21:43.140	2008:363:22:26:23.140	10845	75624	6	6	1	1	129.00	67.29
2008:363:22:26:23.140	2008:363:22:31:03.140	10845	75624	6	6	1	1	129.00	87.91
2008:363:22:31:03.140	2008:363:22:35:43.140	10845	75624	6	6	1	1	129.00	108.86
2008:363:22:35:43.140	2008:363:22:40:23.140	10845	75624	6	6	1	1	129.00	129.10
2008:363:22:40:23.140	2008:363:22:44:28.207	10845	75624	6	6	1	1	129.00	141.48
2008:363:22:44:28.207	2008:364:01:04:28.207	10845	75624	6	6	1	1	129.00	144.38
2008:364:01:04:28.207	2008:364:03:24:28.207	10845	75624	6	6	1	1	129.00	144.41
2008:364:03:24:28.207	2008:364:05:44:28.207	10845	75624	6	6	1	1	129.00	144.43
2008:364:05:44:28.207	2008:364:08:04:28.207	10845	75624	6	6	1	1	129.00	144.46
2008:364:08:04:28.207	2008:364:09:55:27.952	10845	75624	6	6	1	1	129.00	144.49
2008:364:09:55:27.952	2008:364:09:55:38.203	10845	74032	6	6	1	0	118.00	144.49
2008:364:09:55:38.203	2008:364:09:58:27.952	10845	74032	6	6	1	0	118.00	144.51
2008:364:09:58:27.952	2008:364:10:00:08.203	10843	74032	6	6	1	0	118.00	144.51
2008:364:10:00:08.203	2008:364:10:03:18.552	10843	74032	6	6	1	0	118.00	140.95
2008:364:10:03:18.552	2008:364:10:03:22.552	10843	74032	6	6	1	0	118.00	140.95
2008:364:10:03:22.552	2008:364:10:03:26.552	10843	74032	6	6	1	0	118.00	140.95
2008:364:10:03:26.552	2008:364:10:03:50.552	10843	74032	0	0	1	0	40.00	140.95
2008:364:10:03:50.552	2008:364:10:04:38.203	10843	74032	6	6	1	0	118.00	140.95
2008:364:10:04:38.203	2008:364:10:04:57.552	10843	74032	6	6	1	0	118.00	128.45
2008:364:10:04:57.552	2008:364:10:09:08.203	10843	74032	6	6	1	1	129.00	128.45
2008:364:10:09:08.203	2008:364:10:13:38.203	10843	74032	6	6	1	1	129.00	108.90
2008:364:10:13:38.203	2008:364:10:18:08.203	10843	74032	6	6	1	1	129.00	88.82
2008:364:10:18:08.203	2008:364:10:22:38.203	10843	74032	6	6	1	1	129.00	70.48
2008:364:10:22:38.203	2008:364:10:25:52.891	10843	74032	6	6	1	1	129.00	60.49
2008:364:10:25:52.891	2008:364:12:45:52.891	10843	74032	6	6	1	1	129.00	58.80
2008:364:12:45:52.891	2008:364:15:05:52.891	10843	74032	6	6	1	1	129.00	58.85
2008:364:15:05:52.891	2008:364:17:25:52.891	10843	74032	6	6	1	1	129.00	58.90
2008:364:17:25:52.891	2008:364:19:45:52.891	10843	74032	6	6	1	1	129.00	58.95
2008:364:19:45:52.891	2008:364:22:05:52.891	10843	74032	6	6	1	1	129.00	59.00
2008:364:22:05:52.891	2008:365:00:25:52.891	10843	74032	6	6	1	1	129.00	59.05
2008:365:00:25:52.891	2008:365:02:36:52.636	10843	74032	6	6	1	1	129.00	59.10
2008:365:02:36:52.636	2008:365:02:37:02.887	10843	75624	6	6	1	0	118.00	59.10
2008:365:02:37:02.887	2008:365:02:39:52.636	10843	75624	6	6	1	0	118.00	59.15
2008:365:02:39:52.636	2008:365:02:39:56.636	10846	75624	6	6	1	0	118.00	59.15
2008:365:02:39:56.636	2008:365:02:40:00.636	10846	75624	6	6	1	0	118.00	59.15
2008:365:02:40:00.636	2008:365:02:40:24.636	10846	75624	0	0	1	0	40.00	59.15
2008:365:02:40:24.636	2008:365:02:41:31.636	10846	75624	6	6	1	0	118.00	59.15
2008:365:02:41:31.636	2008:365:02:41:42.887	10846	75624	6	6	1	1	129.00	59.15
2008:365:02:41:42.887	2008:365:02:46:22.887	10846	75624	6	6	1	1	129.00	62.44
2008:365:02:46:22.887	2008:365:02:51:02.887	10846	75624	6	6	1	1	129.00	74.28
2008:365:02:51:02.887	2008:365:02:55:42.887	10846	75624	6	6	1	1	129.00	92.86
2008:365:02:55:42.887	2008:365:03:00:22.887	10846	75624	6	6	1	1	129.00	112.05
2008:365:03:00:22.887	2008:365:03:05:02.887	10846	75624	6	6	1	1	129.00	130.65
2008:365:03:05:02.887	2008:365:03:09:24.889	10846	75624	6	6	1	1	129.00	142.09
2008:365:03:09:24.889	2008:365:05:29:24.889	10846	75624	6	6	1	1	129.00	144.96
2008:365:05:29:24.889	2008:365:07:49:24.889	10846	75624	6	6	1	1	129.00	144.93
2008:365:07:49:24.889	2008:365:10:09:24.889	10846	75624	6	6	1	1	129.00	144.90
2008:365:10:09:24.889	2008:365:12:29:24.889	10846	75624	6	6	1	1	129.00	144.87
2008:365:12:29:24.889	2008:365:14:15:18.864	10846	75624	6	6	1	1	129.00	144.84
2008:365:14:15:18.864	2008:365:14:30:18.864	10846	-99616	6	6	1	0	118.00	144.84
2008:365:14:30:18.864	2008:365:14:30:29.115	57418	-99616	6	6	1	0	118.00	144.84
2008:365:14:30:29.115	2008:365:14:33:18.864	57418	-99616	6	6	1	0	118.00	144.81
2008:365:14:33:18.864	2008:365:14:33:22.864	57418	-99616	6	6	1	0	118.00	144.81
2008:365:14:33:22.864	2008:365:14:33:26.864	57418	-99616	6	6	1	0	118.00	144.81
2008:365:14:33:26.864	2008:365:14:33:50.864	57418	-99616	0	0	1	0	40.00	144.81
2008:365:14:33:50.864	2008:365:14:34:19.115	57418	-99616	6	6	1	0	118.00	144.81
2008:365:14:34:19.115	2008:365:14:34:57.864	57418	-99616	6	6	1	0	118.00	146.10
2008:365:14:34:57.864	2008:365:14:38:09.115	57418	-99616	6	6	1	1	129.00	146.10
2008:365:14:38:09.115	2008:365:14:41:59.115	57418	-99616	6	6	1	1	129.00	150.71
2008:365:14:41:59.115	2008:365:14:45:19.326	57418	-99616	6	6	1	1	129.00	154.91
2008:365:14:45:19.326	2008:365:15:45:38.864	57418	-99616	6	6	1	1	129.00	155.84
2008:365:15:45:38.864	2008:365:15:48:38.864	57418	-99616	6	6	1	0	118.00	155.84
2008:365:15:48:38.864	2008:365:15:48:47.864	57418	-99616	6	6	1	0	118.00	155.84
2008:365:15:48:47.864	2008:365:17:05:01.735	57418	-99616	6	6	0	0	96.60	155.84
2008:365:17:05:01.735	2008:365:17:05:11.986	57417	-99616	6	6	0	0	96.60	155.84
2008:365:17:05:11.986	2008:365:17:10:11.986	57417	-99616	6	6	0	0	96.60	155.84
2008:365:17:10:11.986	2008:365:17:15:11.986	57417	-99616	6	6	0	0	96.60	155.83
2008:365:17:15:11.986	2008:365:17:20:11.986	57417	-99616	6	6	0	0	96.60	155.82
2008:365:17:20:11.986	2008:365:17:25:11.986	57417	-99616	6	6	0	0	96.60	155.80
2008:365:17:25:11.986	2008:365:17:30:11.986	57417	-99616	6	6	0	0	96.60	155.78
2008:365:17:30:11.986	2008:365:17:35:11.986	57417	-99616	6	6	0	0	96.60	155.77
2008:365:17:35:11.986	2008:365:17:40:11.986	57417	-99616	6	6	0	0	96.60	155.76
2008:365:17:40:11.986	2008:365:17:44:19.118	57417	-99616	6	6	0	0	96.60	155.76
2008:365:17:44:19.118	2008:365:18:48:38.864	57417	-99616	6	6	0	0	96.60	155.76
2008:365:18:48:38.864	2008:365:18:48:49.115	57416	-99616	6	6	0	0	96.60	155.76
2008:365:18:48:49.115	2008:365:18:53:49.115	57416	-99616	6	6	0	0	96.60	155.73
2008:365:18:53:49.115	2008:365:18:58:49.115	57416	-99616	6	6	0	0	96.60	155.73
2008:365:18:58:49.115	2008:365:19:03:49.115	57416	-99616	6	6	0	0	96.60	155.73
2008:365:19:03:49.115	2008:365:19:08:49.115	57416	-99616	6	6	0	0	96.60	155.75
2008:365:19:08:49.115	2008:365:19:13:49.115	57416	-99616	6	6	0	0	96.60	155.77
2008:365:19:13:49.115	2008:365:19:18:49.115	57416	-99616	6	6	0	0	96.60	155.80
2008:365:19:18:49.115	2008:365:19:23:49.115	57416	-99616	6	6	0	0	96.60	155.82
2008:365:19:23:49.115	2008:365:19:27:51.066	57416	-99616	6	6	0	0	96.60	155.83
2008:365:19:27:51.066	2008:365:20:32:10.812	57416	-99616	6	6	0	0	96.60	155.84
2008:365:20:32:10.812	2008:365:20:32:21.063	57415	-99616	6	6	0	0	96.60	155.84
2008:365:20:32:21.063	2008:365:20:37:21.063	57415	-99616	6	6	0	0	96.60	155.84
2008:365:20:37:21.063	2008:365:20:42:21.063	57415	-99616	6	6	0	0	96.60	155.83
2008:365:20:42:21.063	2008:365:20:47:21.063	57415	-99616	6	6	0	0	96.60	155.80
2008:365:20:47:21.063	2008:365:20:52:21.063	57415	-99616	6	6	0	0	96.60	155.76
2008:365:20:52:21.063	2008:365:20:57:21.063	57415	-99616	6	6	0	0	96.60	155.72
2008:365:20:57:21.063	2008:365:21:02:21.063	57415	-99616	6	6	0	0	96.60	155.68
2008:365:21:02:21.063	2008:365:21:07:21.063	57415	-99616	6	6	0	0	96.60	155.66
2008:365:21:07:21.063	2008:365:21:11:21.431	57415	-99616	6	6	0	0	96.60	155.65
2008:365:21:11:21.431	2008:365:23:26:21.431	57415	-99616	6	6	0	0	96.60	155.65
2008:365:23:26:21.431	2008:366:01:30:31.052	57415	-99616	6	6	0	0	96.60	155.57
2008:366:01:30:31.052	2008:366:01:30:41.303	57414	-99616	6	6	0	0	96.60	155.57
2008:366:01:30:41.303	2008:366:01:35:11.303	57414	-99616	6	6	0	0	96.60	155.50
2008:366:01:35:11.303	2008:366:01:39:41.303	57414	-99616	6	6	0	0	96.60	155.51
2008:366:01:39:41.303	2008:366:01:44:11.303	57414	-99616	6	6	0	0	96.60	155.55
2008:366:01:44:11.303	2008:366:01:48:41.303	57414	-99616	6	6	0	0	96.60	155.63
2008:366:01:48:41.303	2008:366:01:53:11.303	57414	-99616	6	6	0	0	96.60	155.70
2008:366:01:53:11.303	2008:366:01:57:41.303	57414	-99616	6	6	0	0	96.60	155.76
2008:366:01:57:41.303	2008:366:02:01:50.168	57414	-99616	6	6	0	0	96.60	155.79
2008:366:02:01:50.168	2008:366:02:06:09.913	57414	-99616	6	6	0	0	96.60	155.79
2008:366:02:06:09.913	2008:366:02:06:13.913	57414	-99616	6	6	0	0	96.60	155.79
2008:366:02:06:13.913	2008:366:02:06:17.913	57414	-99616	6	6	0	0	96.60	155.79
2008:366:02:06:17.913	2008:366:02:06:41.913	57414	-99616	0	0	1	0	40.00	155.79
2008:366:02:06:41.913	2008:366:02:07:44.913	57414	-99616	6	6	1	0	118.00	155.79
2008:366:02:07:44.913	2008:366:03:31:50.168	57414	-99616	6	6	1	1	129.00	155.79
2008:366:03:31:50.168	2008:366:04:49:49.913	57414	-99616	6	6	1	1	129.00	155.83
2008:366:04:49:49.913	2008:366:04:52:49.913	57414	-99616	6	6	1	0	118.00	155.83
2008:366:04:52:49.913	2008:366:04:53:00.164	10847	92904	6	6	1	0	118.00	155.83
2008:366:04:53:00.164	2008:366:04:57:40.513	10847	92904	6	6	1	0	118.00	155.86
2008:366:04:57:40.513	2008:366:04:57:44.513	10847	92904	6	6	1	0	118.00	155.86
2008:366:04:57:44.513	2008:366:04:57:48.513	10847	92904	6	6	1	0	118.00	155.86
2008:366:04:57:48.513	2008:366:04:58:00.164	10847	92904	0	0	1	0	40.00	155.86
2008:366:04:58:00.164	2008:366:04:58:12.513	10847	92904	0	0	1	0	40.00	151.32
2008:366:04:58:12.513	2008:366:04:59:19.513	10847	92904	5	5	1	0	112.30	151.32
2008:366:04:59:19.513	2008:366:05:03:00.164	10847	92904	5	5	1	1	113.90	151.32
2008:366:05:03:00.164	2008:366:05:08:00.164	10847	92904	5	5	1	1	113.90	135.65
2008:366:05:08:00.164	2008:366:05:13:00.164	10847	92904	5	5	1	1	113.90	113.53
2008:366:05:13:00.164	2008:366:05:17:37.838	10847	92904	5	5	1	1	113.90	98.70
2008:366:05:17:37.838	2008:366:07:12:37.838	10847	92904	5	5	1	1	113.90	94.87
2008:366:07:12:37.838	2008:366:09:07:37.838	10847	92904	5	5	1	1	113.90	94.91
2008:366:09:07:37.838	2008:366:10:46:17.582	10847	92904	5	5	1	1	113.90	94.95
2008:366:10:46:17.582	2008:366:10:46:27.833	10847	75624	5	5	1	0	112.30	94.95
2008:366:10:46:27.833	2008:366:10:49:17.582	10847	75624	5	5	1	0	112.30	94.99
2008:366:10:49:17.582	2008:366:10:49:21.582	10346	75624	5	5	1	0	112.30	94.99
2008:366:10:49:21.582	2008:366:10:49:25.582	10346	75624	5	5	1	0	112.30	94.99
2008:366:10:49:25.582	2008:366:10:49:49.582	10346	75624	0	0	1	0	40.00	94.99
2008:366:10:49:49.582	2008:366:10:50:56.582	10346	75624	6	6	1	0	118.00	94.99
2008:366:10:50:56.582	2008:366:10:50:57.833	10346	75624	6	6	1	1	129.00	94.99
2008:366:10:50:57.833	2008:366:10:55:27.833	10346	75624	6	6	1	1	129.00	96.61
2008:366:10:55:27.833	2008:366:10:59:57.833	10346	75624	6	6	1	1	129.00	102.70
2008:366:10:59:57.833	2008:366:11:04:27.833	10346	75624	6	6	1	1	129.00	113.17
2008:366:11:04:27.833	2008:366:11:08:57.833	10346	75624	6	6	1	1	129.00	124.45
2008:366:11:08:57.833	2008:366:11:13:27.833	10346	75624	6	6	1	1	129.00	134.69
2008:366:11:13:27.833	2008:366:11:17:09.963	10346	75624	6	6	1	1	129.00	139.99
2008:366:11:17:09.963	2008:366:13:37:09.963	10346	75624	6	6	1	1	129.00	141.01
2008:366:13:37:09.963	2008:366:15:48:09.708	10346	75624	6	6	1	1	129.00	141.11
2008:366:15:48:09.708	2008:366:15:48:19.959	10346	75624	6	6	1	0	118.00	141.11
2008:366:15:48:19.959	2008:366:15:51:09.708	10346	75624	6	6	1	0	118.00	141.19
2008:366:15:51:09.708	2008:366:15:51:13.708	10371	75624	6	6	1	0	118.00	141.19
2008:366:15:51:13.708	2008:366:15:51:17.708	10371	75624	6	6	1	0	118.00	141.19
2008:366:15:51:17.708	2008:366:15:51:41.708	10371	75624	0	0	1	0	40.00	141.19
2008:366:15:51:41.708	2008:366:15:52:48.708	10371	75624	1	1	1	0	58.30	141.19
2008:366:15:52:48.708	2008:366:15:52:59.959	10371	75624	1	1	1	1	57.00	141.19
2008:366:15:52:59.959	2008:366:15:57:39.959	10371	75624	1	1	1	1	57.00	141.31
2008:366:15:57:39.959	2008:366:16:02:19.959	10371	75624	1	1	1	1	57.00	141.73
2008:366:16:02:19.959	2008:366:16:06:59.959	10371	75624	1	1	1	1	57.00	142.41
2008:366:16:06:59.959	2008:366:16:11:39.959	10371	75624	1	1	1	1	57.00	143.05
2008:366:16:11:39.959	2008:366:16:15:15.813	10371	75624	1	1	1	1	57.00	143.39
2008:366:16:15:15.813	2008:366:17:59:35.557	10371	75624	1	1	1	1	57.00	143.45
2008:366:17:59:35.557	2008:366:17:59:45.808	10371	75624	1	1	1	0	58.30	143.45
2008:366:17:59:45.808	2008:366:18:02:35.557	10371	75624	1	1	1	0	58.30	143.49
2008:366:18:02:35.557	2008:366:18:02:39.557	10313	75624	1	1	1	0	58.30	143.49
2008:366:18:02:39.557	2008:366:18:02:43.557	10313	75624	1	1	1	0	58.30	143.49
2008:366:18:02:43.557	2008:366:18:03:07.557	10313	75624	0	0	1	0	40.00	143.49
2008:366:18:03:07.557	2008:366:18:04:14.557	10313	75624	5	5	1	0	112.30	143.49
2008:366:18:04:14.557	2008:366:18:04:35.808	10313	75624	5	5	1	1	113.90	143.49
2008:366:18:04:35.808	2008:366:18:09:25.808	10313	75624	5	5	1	1	113.90	143.75
2008:366:18:09:25.808	2008:366:18:13:38.784	10313	75624	5	5	1	1	113.90	144.44
2008:366:18:13:38.784	2008:366:20:28:38.784	10313	75624	5	5	1	1	113.90	144.63
2008:366:20:28:38.784	2008:366:22:43:38.784	10313	75624	5	5	1	1	113.90	144.66
2008:366:22:43:38.784	2009:001:00:58:38.784	10313	75624	5	5	1	1	113.90	144.69
2009:001:00:58:38.784	2009:001:03:03:11.557	10313	75624	5	5	1	1	113.90	144.72
2009:001:03:03:11.557	2009:001:03:03:21.808	10313	90520	5	5	1	0	112.30	144.72
2009:001:03:03:21.808	2009:001:03:06:11.557	10313	90520	5	5	1	0	112.30	144.75
2009:001:03:06:11.557	2009:001:03:06:15.557	10441	90520	5	5	1	0	112.30	144.75
2009:001:03:06:15.557	2009:001:03:06:19.557	10441	90520	5	5	1	0	112.30	144.75
2009:001:03:06:19.557	2009:001:03:06:43.557	10441	90520	0	0	1	0	40.00	144.75
2009:001:03:06:43.557	2009:001:03:07:50.557	10441	90520	5	5	1	0	112.30	144.75
2009:001:03:07:50.557	2009:001:03:08:11.808	10441	90520	5	5	1	1	113.90	144.75
2009:001:03:08:11.808	2009:001:03:13:01.808	10441	90520	5	5	1	1	113.90	144.91
2009:001:03:13:01.808	2009:001:03:17:51.808	10441	90520	5	5	1	1	113.90	145.54
2009:001:03:17:51.808	2009:001:03:22:41.808	10441	90520	5	5	1	1	113.90	146.63
2009:001:03:22:41.808	2009:001:03:27:31.808	10441	90520	5	5	1	1	113.90	147.79
2009:001:03:27:31.808	2009:001:03:32:21.808	10441	90520	5	5	1	1	113.90	148.84
2009:001:03:32:21.808	2009:001:03:37:00.549	10441	90520	5	5	1	1	113.90	149.40
2009:001:03:37:00.549	2009:001:05:42:00.549	10441	90520	5	5	1	1	113.90	149.53
2009:001:05:42:00.549	2009:001:07:47:00.549	10441	90520	5	5	1	1	113.90	149.61
2009:001:07:47:00.549	2009:001:09:40:10.295	10441	90520	5	5	1	1	113.90	149.68
2009:001:09:40:10.295	2009:001:09:40:20.546	10441	75624	5	5	1	0	112.30	149.68
2009:001:09:40:20.546	2009:001:09:43:10.295	10441	75624	5	5	1	0	112.30	149.75
2009:001:09:43:10.295	2009:001:09:43:14.295	10384	75624	5	5	1	0	112.30	149.75
2009:001:09:43:14.295	2009:001:09:43:18.295	10384	75624	5	5	1	0	112.30	149.75
2009:001:09:43:18.295	2009:001:09:43:42.295	10384	75624	0	0	1	0	40.00	149.75
2009:001:09:43:42.295	2009:001:09:44:49.295	10384	75624	4	4	1	0	92.00	149.75
2009:001:09:44:49.295	2009:001:09:45:00.546	10384	75624	4	4	1	1	99.20	149.75
2009:001:09:45:00.546	2009:001:09:49:40.546	10384	75624	4	4	1	1	99.20	149.96
2009:001:09:49:40.546	2009:001:09:54:20.546	10384	75624	4	4	1	1	99.20	150.74
2009:001:09:54:20.546	2009:001:09:59:00.546	10384	75624	4	4	1	1	99.20	152.03
2009:001:09:59:00.546	2009:001:10:03:40.546	10384	75624	4	4	1	1	99.20	153.27
2009:001:10:03:40.546	2009:001:10:07:44.802	10384	75624	4	4	1	1	99.20	153.96
2009:001:10:07:44.802	2009:001:11:52:04.546	10384	75624	4	4	1	1	99.20	154.11
2009:001:11:52:04.546	2009:001:11:52:14.797	10384	90520	4	4	1	0	92.00	154.11
2009:001:11:52:14.797	2009:001:11:55:04.546	10384	90520	4	4	1	0	92.00	154.16
2009:001:11:55:04.546	2009:001:11:55:08.546	10415	90520	4	4	1	0	92.00	154.16
2009:001:11:55:08.546	2009:001:11:55:12.546	10415	90520	4	4	1	0	92.00	154.16
2009:001:11:55:12.546	2009:001:11:55:36.546	10415	90520	0	0	1	0	40.00	154.16
2009:001:11:55:36.546	2009:001:11:56:43.546	10415	90520	5	5	1	0	112.30	154.16
2009:001:11:56:43.546	2009:001:11:56:54.797	10415	90520	5	5	1	1	113.90	154.16
2009:001:11:56:54.797	2009:001:12:01:34.797	10415	90520	5	5	1	1	113.90	154.08
2009:001:12:01:34.797	2009:001:12:06:14.797	10415	90520	5	5	1	1	113.90	153.78
2009:001:12:06:14.797	2009:001:12:10:54.797	10415	90520	5	5	1	1	113.90	153.33
2009:001:12:10:54.797	2009:001:12:14:43.590	10415	90520	5	5	1	1	113.90	153.07
2009:001:12:14:43.590	2009:001:14:19:43.590	10415	90520	5	5	1	1	113.90	153.02
2009:001:14:19:43.590	2009:001:16:12:23.334	10415	90520	5	5	1	1	113.90	153.10
2009:001:16:12:23.334	2009:001:16:12:33.585	10415	75624	5	5	1	0	112.30	153.10
2009:001:16:12:33.585	2009:001:16:15:23.334	10415	75624	5	5	1	0	112.30	153.18
2009:001:16:15:23.334	2009:001:16:15:27.334	09965	75624	5	5	1	0	112.30	153.18
2009:001:16:15:27.334	2009:001:16:15:31.334	09965	75624	5	5	1	0	112.30	153.18
2009:001:16:15:31.334	2009:001:16:15:55.334	09965	75624	0	0	1	0	40.00	153.18
2009:001:16:15:55.334	2009:001:16:17:02.334	09965	75624	6	6	1	0	118.00	153.18
2009:001:16:17:02.334	2009:001:16:17:13.585	09965	75624	6	6	1	1	129.00	153.18
2009:001:16:17:13.585	2009:001:16:21:53.585	09965	75624	6	6	1	1	129.00	152.24
2009:001:16:21:53.585	2009:001:16:26:33.585	09965	75624	6	6	1	1	129.00	148.90
2009:001:16:26:33.585	2009:001:16:31:01.537	09965	75624	6	6	1	1	129.00	145.66
2009:001:16:31:01.537	2009:001:16:58:34.334	09965	75624	6	6	1	1	129.00	144.81
2009:001:16:58:34.334	2009:001:16:58:44.585	09965	92904	6	6	1	0	118.00	144.81
2009:001:16:58:44.585	2009:001:17:01:34.334	09965	92904	6	6	1	0	118.00	144.82
2009:001:17:01:34.334	2009:001:17:01:38.334	10848	92904	6	6	1	0	118.00	144.82
2009:001:17:01:38.334	2009:001:17:01:42.334	10848	92904	6	6	1	0	118.00	144.82
2009:001:17:01:42.334	2009:001:17:02:06.334	10848	92904	0	0	1	0	40.00	144.82
2009:001:17:02:06.334	2009:001:17:03:13.334	10848	92904	5	5	1	0	112.30	144.82
2009:001:17:03:13.334	2009:001:17:03:44.585	10848	92904	5	5	1	1	113.90	144.82
2009:001:17:03:44.585	2009:001:17:08:44.585	10848	92904	5	5	1	1	113.90	141.14
2009:001:17:08:44.585	2009:001:17:13:44.585	10848	92904	5	5	1	1	113.90	128.06
2009:001:17:13:44.585	2009:001:17:18:44.585	10848	92904	5	5	1	1	113.90	109.54
2009:001:17:18:44.585	2009:001:17:22:53.000	10848	92904	5	5	1	1	113.90	98.08
2009:001:17:22:53.000	2009:001:19:07:53.000	10848	92904	5	5	1	1	113.90	95.63
2009:001:19:07:53.000	2009:001:20:52:53.000	10848	92904	5	5	1	1	113.90	95.67
2009:001:20:52:53.000	2009:001:22:27:12.744	10848	92904	5	5	1	1	113.90	95.70
2009:001:22:27:12.744	2009:001:22:27:22.995	10848	92904	5	5	1	0	112.30	95.70
2009:001:22:27:22.995	2009:001:22:30:12.744	10848	92904	5	5	1	0	112.30	95.74
2009:001:22:30:12.744	2009:001:22:30:16.744	10261	92904	5	5	1	0	112.30	95.74
2009:001:22:30:16.744	2009:001:22:30:20.744	10261	92904	5	5	1	0	112.30	95.74
2009:001:22:30:20.744	2009:001:22:30:44.744	10261	92904	0	0	1	0	40.00	95.74
2009:001:22:30:44.744	2009:001:22:31:51.744	10261	92904	6	6	1	0	118.00	95.74
2009:001:22:31:51.744	2009:001:22:32:22.995	10261	92904	6	6	1	1	129.00	95.74
2009:001:22:32:22.995	2009:001:22:37:22.995	10261	92904	6	6	1	1	129.00	94.20
2009:001:22:37:22.995	2009:001:22:42:22.995	10261	92904	6	6	1	1	129.00	88.10
2009:001:22:42:22.995	2009:001:22:47:22.995	10261	92904	6	6	1	1	129.00	77.84
2009:001:22:47:22.995	2009:001:22:52:22.995	10261	92904	6	6	1	1	129.00	66.75
2009:001:22:52:22.995	2009:001:22:57:22.995	10261	92904	6	6	1	1	129.00	56.45
2009:001:22:57:22.995	2009:001:23:01:10.263	10261	92904	6	6	1	1	129.00	51.14
2009:001:23:01:10.263	2009:002:00:28:50.008	10261	92904	6	6	1	1	129.00	50.25
2009:002:00:28:50.008	2009:002:00:29:00.259	10261	75624	6	6	1	0	118.00	50.25
2009:002:00:29:00.259	2009:002:00:31:50.008	10261	75624	6	6	1	0	118.00	50.30
2009:002:00:31:50.008	2009:002:00:31:54.008	10742	75624	6	6	1	0	118.00	50.30
2009:002:00:31:54.008	2009:002:00:31:58.008	10742	75624	6	6	1	0	118.00	50.30
2009:002:00:31:58.008	2009:002:00:32:22.008	10742	75624	0	0	1	0	40.00	50.30
2009:002:00:32:22.008	2009:002:00:33:29.008	10742	75624	5	5	1	0	112.30	50.30
2009:002:00:33:29.008	2009:002:00:33:40.259	10742	75624	5	5	1	1	113.90	50.30
2009:002:00:33:40.259	2009:002:00:38:20.259	10742	75624	5	5	1	1	113.90	50.41
2009:002:00:38:20.259	2009:002:00:43:00.259	10742	75624	5	5	1	1	113.90	50.97
2009:002:00:43:00.259	2009:002:00:47:40.259	10742	75624	5	5	1	1	113.90	52.36
2009:002:00:47:40.259	2009:002:00:52:20.259	10742	75624	5	5	1	1	113.90	54.22
2009:002:00:52:20.259	2009:002:00:57:00.259	10742	75624	5	5	1	1	113.90	56.28
2009:002:00:57:00.259	2009:002:01:01:40.259	10742	75624	5	5	1	1	113.90	58.25
2009:002:01:01:40.259	2009:002:01:06:20.259	10742	75624	5	5	1	1	113.90	59.90
2009:002:01:06:20.259	2009:002:01:11:00.259	10742	75624	5	5	1	1	113.90	60.96
2009:002:01:11:00.259	2009:002:01:14:14.796	10742	75624	5	5	1	1	113.90	61.31
2009:002:01:14:14.796	2009:002:02:41:54.544	10742	75624	5	5	1	1	113.90	61.35
2009:002:02:41:54.544	2009:002:02:42:04.795	10742	75624	5	5	1	0	112.30	61.35
2009:002:02:42:04.795	2009:002:02:44:54.544	10742	75624	5	5	1	0	112.30	61.29
2009:002:02:44:54.544	2009:002:02:44:58.544	10511	75624	5	5	1	0	112.30	61.29
2009:002:02:44:58.544	2009:002:02:45:02.544	10511	75624	5	5	1	0	112.30	61.29
2009:002:02:45:02.544	2009:002:02:45:26.544	10511	75624	0	0	1	0	40.00	61.29
2009:002:02:45:26.544	2009:002:02:46:33.544	10511	75624	6	6	1	0	118.00	61.29
2009:002:02:46:33.544	2009:002:02:47:04.795	10511	75624	6	6	1	1	129.00	61.29
2009:002:02:47:04.795	2009:002:02:52:04.795	10511	75624	6	6	1	1	129.00	60.61
2009:002:02:52:04.795	2009:002:02:57:04.795	10511	75624	6	6	1	1	129.00	58.09
2009:002:02:57:04.795	2009:002:03:02:04.795	10511	75624	6	6	1	1	129.00	54.37
2009:002:03:02:04.795	2009:002:03:06:43.373	10511	75624	6	6	1	1	129.00	51.99
2009:002:03:06:43.373	2009:002:04:41:03.117	10511	75624	6	6	1	1	129.00	51.41
2009:002:04:41:03.117	2009:002:04:41:13.368	10511	75624	6	6	1	0	118.00	51.41
2009:002:04:41:13.368	2009:002:04:44:03.117	10511	75624	6	6	1	0	118.00	51.39
2009:002:04:44:03.117	2009:002:04:44:07.117	10148	75624	6	6	1	0	118.00	51.39
2009:002:04:44:07.117	2009:002:04:44:11.117	10148	75624	6	6	1	0	118.00	51.39
2009:002:04:44:11.117	2009:002:04:44:35.117	10148	75624	0	0	1	0	40.00	51.39
2009:002:04:44:35.117	2009:002:04:45:33.368	10148	75624	5	5	1	0	112.30	51.39
2009:002:04:45:33.368	2009:002:04:45:42.117	10148	75624	5	5	1	0	112.30	53.10
2009:002:04:45:42.117	2009:002:04:49:53.368	10148	75624	5	5	1	1	113.90	53.10
2009:002:04:49:53.368	2009:002:04:54:13.368	10148	75624	5	5	1	1	113.90	59.46
2009:002:04:54:13.368	2009:002:04:58:33.368	10148	75624	5	5	1	1	113.90	70.15
2009:002:04:58:33.368	2009:002:05:02:53.368	10148	75624	5	5	1	1	113.90	80.56
2009:002:05:02:53.368	2009:002:05:06:52.407	10148	75624	5	5	1	1	113.90	86.46
2009:002:05:06:52.407	2009:002:05:44:31.967	10148	75624	5	5	1	1	113.90	87.87
2009:002:05:44:31.967	2009:002:05:59:31.967	10148	-99616	5	5	1	0	112.30	87.87
2009:002:05:59:31.967	2009:002:05:59:42.218	57413	-99616	5	5	1	0	112.30	87.87
2009:002:05:59:42.218	2009:002:06:02:31.967	57413	-99616	5	5	1	0	112.30	87.89
2009:002:06:02:31.967	2009:002:06:02:35.967	57413	-99616	5	5	1	0	112.30	87.89
2009:002:06:02:35.967	2009:002:06:02:39.967	57413	-99616	5	5	1	0	112.30	87.89
2009:002:06:02:39.967	2009:002:06:03:03.967	57413	-99616	0	0	1	0	40.00	87.89
2009:002:06:03:03.967	2009:002:06:04:10.967	57413	-99616	6	6	1	0	118.00	87.89
2009:002:06:04:10.967	2009:002:06:04:42.218	57413	-99616	6	6	1	1	129.00	87.89
2009:002:06:04:42.218	2009:002:06:09:42.218	57413	-99616	6	6	1	1	129.00	92.42
2009:002:06:09:42.218	2009:002:06:14:42.218	57413	-99616	6	6	1	1	129.00	108.04
2009:002:06:14:42.218	2009:002:06:19:42.218	57413	-99616	6	6	1	1	129.00	130.04
2009:002:06:19:42.218	2009:002:06:24:10.808	57413	-99616	6	6	1	1	129.00	144.49
2009:002:06:24:10.808	2009:002:07:14:51.967	57413	-99616	6	6	1	1	129.00	148.04
2009:002:07:14:51.967	2009:002:07:17:51.967	57413	-99616	6	6	1	0	118.00	148.04
2009:002:07:17:51.967	2009:002:07:18:00.967	57413	-99616	6	6	1	0	118.00	148.04
2009:002:07:18:00.967	2009:002:08:09:10.808	57413	-99616	6	6	0	0	96.60	148.04
2009:002:08:09:10.808	2009:002:09:54:10.808	57413	-99616	6	6	0	0	96.60	148.09
2009:002:09:54:10.808	2009:002:11:30:20.520	57413	-99616	6	6	0	0	96.60	148.14
2009:002:11:30:20.520	2009:002:11:30:30.771	57412	-99616	6	6	0	0	96.60	148.14
2009:002:11:30:30.771	2009:002:11:35:20.771	57412	-99616	6	6	0	0	96.60	148.18
2009:002:11:35:20.771	2009:002:11:40:10.771	57412	-99616	6	6	0	0	96.60	148.29
2009:002:11:40:10.771	2009:002:11:45:00.771	57412	-99616	6	6	0	0	96.60	148.78
2009:002:11:45:00.771	2009:002:11:49:50.771	57412	-99616	6	6	0	0	96.60	149.84
2009:002:11:49:50.771	2009:002:11:54:40.771	57412	-99616	6	6	0	0	96.60	151.20
2009:002:11:54:40.771	2009:002:11:59:30.771	57412	-99616	6	6	0	0	96.60	152.69
2009:002:11:59:30.771	2009:002:12:04:20.771	57412	-99616	6	6	0	0	96.60	154.09
2009:002:12:04:20.771	2009:002:12:09:10.771	57412	-99616	6	6	0	0	96.60	155.17
2009:002:12:09:10.771	2009:002:12:13:32.220	57412	-99616	6	6	0	0	96.60	155.61
2009:002:12:13:32.220	2009:002:13:17:51.967	57412	-99616	6	6	0	0	96.60	155.69
2009:002:13:17:51.967	2009:002:13:18:02.218	57411	-99616	6	6	0	0	96.60	155.69
2009:002:13:18:02.218	2009:002:13:22:42.218	57411	-99616	6	6	0	0	96.60	155.68
2009:002:13:22:42.218	2009:002:13:27:22.218	57411	-99616	6	6	0	0	96.60	155.69
2009:002:13:27:22.218	2009:002:13:32:02.218	57411	-99616	6	6	0	0	96.60	155.71
2009:002:13:32:02.218	2009:002:13:36:42.218	57411	-99616	6	6	0	0	96.60	155.76
2009:002:13:36:42.218	2009:002:13:41:22.218	57411	-99616	6	6	0	0	96.60	155.82
2009:002:13:41:22.218	2009:002:13:46:02.218	57411	-99616	6	6	0	0	96.60	155.89
2009:002:13:46:02.218	2009:002:13:50:42.218	57411	-99616	6	6	0	0	96.60	155.95
2009:002:13:50:42.218	2009:002:13:55:01.608	57411	-99616	6	6	0	0	96.60	155.98
2009:002:13:55:01.608	2009:002:14:16:01.354	57411	-99616	6	6	0	0	96.60	155.98
2009:002:14:16:01.354	2009:002:14:16:11.605	57410	-99616	6	6	0	0	96.60	155.98
2009:002:14:16:11.605	2009:002:14:20:51.605	57410	-99616	6	6	0	0	96.60	155.97
2009:002:14:20:51.605	2009:002:14:25:31.605	57410	-99616	6	6	0	0	96.60	155.96
2009:002:14:25:31.605	2009:002:14:30:11.605	57410	-99616	6	6	0	0	96.60	155.93
2009:002:14:30:11.605	2009:002:14:34:51.605	57410	-99616	6	6	0	0	96.60	155.87
2009:002:14:34:51.605	2009:002:14:39:31.605	57410	-99616	6	6	0	0	96.60	155.80
2009:002:14:39:31.605	2009:002:14:44:11.605	57410	-99616	6	6	0	0	96.60	155.74
2009:002:14:44:11.605	2009:002:14:48:51.605	57410	-99616	6	6	0	0	96.60	155.70
2009:002:14:48:51.605	2009:002:14:53:08.694	57410	-99616	6	6	0	0	96.60	155.68
2009:002:14:53:08.694	2009:002:15:14:08.440	57410	-99616	6	6	0	0	96.60	155.67
2009:002:15:14:08.440	2009:002:15:14:18.691	57409	-99616	6	6	0	0	96.60	155.67
2009:002:15:14:18.691	2009:002:15:18:58.691	57409	-99616	6	6	0	0	96.60	155.67
2009:002:15:18:58.691	2009:002:15:23:38.691	57409	-99616	6	6	0	0	96.60	155.68
2009:002:15:23:38.691	2009:002:15:28:18.691	57409	-99616	6	6	0	0	96.60	155.69
2009:002:15:28:18.691	2009:002:15:32:58.691	57409	-99616	6	6	0	0	96.60	155.73
2009:002:15:32:58.691	2009:002:15:37:38.691	57409	-99616	6	6	0	0	96.60	155.78
2009:002:15:37:38.691	2009:002:15:42:18.691	57409	-99616	6	6	0	0	96.60	155.83
2009:002:15:42:18.691	2009:002:15:46:58.691	57409	-99616	6	6	0	0	96.60	155.88
2009:002:15:46:58.691	2009:002:15:51:14.463	57409	-99616	6	6	0	0	96.60	155.91
2009:002:15:51:14.463	2009:002:17:47:40.125	57409	-99616	6	6	0	0	96.60	155.91
2009:002:17:47:40.125	2009:002:17:47:50.376	57408	-99616	6	6	0	0	96.60	155.91
2009:002:17:47:50.376	2009:002:17:52:50.376	57408	-99616	6	6	0	0	96.60	155.84
2009:002:17:52:50.376	2009:002:17:57:50.376	57408	-99616	6	6	0	0	96.60	155.74
2009:002:17:57:50.376	2009:002:18:02:50.376	57408	-99616	6	6	0	0	96.60	155.34
2009:002:18:02:50.376	2009:002:18:07:50.376	57408	-99616	6	6	0	0	96.60	154.65
2009:002:18:07:50.376	2009:002:18:12:50.376	57408	-99616	6	6	0	0	96.60	153.91
2009:002:18:12:50.376	2009:002:18:17:50.376	57408	-99616	6	6	0	0	96.60	153.26
2009:002:18:17:50.376	2009:002:18:21:39.174	57408	-99616	6	6	0	0	96.60	152.94
2009:002:18:21:39.174	2009:002:18:47:04.919	57408	-99616	6	6	0	0	96.60	152.88
2009:002:18:47:04.919	2009:002:18:47:22.919	57408	-99616	6	6	0	0	96.60	152.88
2009:002:18:47:22.919	2009:002:18:48:29.919	57408	-99616	6	6	1	0	118.00	152.88
2009:002:18:48:29.919	2009:002:19:51:39.174	57408	-99616	6	6	1	1	129.00	152.88
2009:002:19:51:39.174	2009:002:21:09:38.919	57408	-99616	6	6	1	1	129.00	152.93
2009:002:21:09:38.919	2009:002:21:12:38.919	57408	-99616	6	6	1	0	118.00	152.93
2009:002:21:12:38.919	2009:002:21:12:49.170	10849	92904	6	6	1	0	118.00	152.93
2009:002:21:12:49.170	2009:002:21:15:38.919	10849	92904	6	6	1	0	118.00	152.97
2009:002:21:15:38.919	2009:002:21:15:42.919	10849	92904	6	6	1	0	118.00	152.97
2009:002:21:15:42.919	2009:002:21:15:46.919	10849	92904	6	6	1	0	118.00	152.97
2009:002:21:15:46.919	2009:002:21:16:10.919	10849	92904	0	0	1	0	40.00	152.97
2009:002:21:16:10.919	2009:002:21:17:17.919	10849	92904	5	5	1	0	112.30	152.97
2009:002:21:17:17.919	2009:002:21:17:39.170	10849	92904	5	5	1	1	113.90	152.97
2009:002:21:17:39.170	2009:002:21:22:29.170	10849	92904	5	5	1	1	113.90	148.89
2009:002:21:22:29.170	2009:002:21:27:19.170	10849	92904	5	5	1	1	113.90	134.66
2009:002:21:27:19.170	2009:002:21:32:09.170	10849	92904	5	5	1	1	113.90	113.89
2009:002:21:32:09.170	2009:002:21:36:48.124	10849	92904	5	5	1	1	113.90	100.00
2009:002:21:36:48.124	2009:002:23:56:48.124	10849	92904	5	5	1	1	113.90	96.22
2009:002:23:56:48.124	2009:003:02:07:47.868	10849	92904	5	5	1	1	113.90	96.27
2009:003:02:07:47.868	2009:003:02:07:58.119	10849	92904	5	5	1	0	112.30	96.27
2009:003:02:07:58.119	2009:003:02:10:47.868	10849	92904	5	5	1	0	112.30	96.32
2009:003:02:10:47.868	2009:003:02:12:48.119	57407	92904	5	5	1	0	112.30	96.32
2009:003:02:12:48.119	2009:003:02:17:38.119	57407	92904	5	5	1	0	112.30	100.51
2009:003:02:17:38.119	2009:003:02:22:28.119	57407	92904	5	5	1	0	112.30	115.03
2009:003:02:22:28.119	2009:003:02:27:18.119	57407	92904	5	5	1	0	112.30	136.10
2009:003:02:27:18.119	2009:003:02:31:54.795	57407	92904	5	5	1	0	112.30	150.09
2009:003:02:31:54.795	2009:003:02:36:24.539	57407	92904	5	5	1	0	112.30	153.84
2009:003:02:36:24.539	2009:003:02:36:34.790	09939	75624	5	5	1	0	112.30	153.84
2009:003:02:36:34.790	2009:003:02:41:15.139	09939	75624	5	5	1	0	112.30	153.85
2009:003:02:41:15.139	2009:003:02:41:19.139	09939	75624	5	5	1	0	112.30	153.85
2009:003:02:41:19.139	2009:003:02:41:23.139	09939	75624	5	5	1	0	112.30	153.85
2009:003:02:41:23.139	2009:003:02:41:24.790	09939	75624	0	0	1	0	40.00	153.85
2009:003:02:41:24.790	2009:003:02:41:47.139	09939	75624	0	0	1	0	40.00	153.73
2009:003:02:41:47.139	2009:003:02:42:54.139	09939	75624	6	6	1	0	118.00	153.73
2009:003:02:42:54.139	2009:003:02:46:14.790	09939	75624	6	6	1	1	129.00	153.73
2009:003:02:46:14.790	2009:003:02:51:04.790	09939	75624	6	6	1	1	129.00	153.10
2009:003:02:51:04.790	2009:003:02:55:54.790	09939	75624	6	6	1	1	129.00	151.63
2009:003:02:55:54.790	2009:003:03:00:44.790	09939	75624	6	6	1	1	129.00	149.75
2009:003:03:00:44.790	2009:003:03:05:34.790	09939	75624	6	6	1	1	129.00	147.79
2009:003:03:05:34.790	2009:003:03:10:24.790	09939	75624	6	6	1	1	129.00	146.00
2009:003:03:10:24.790	2009:003:03:15:14.790	09939	75624	6	6	1	1	129.00	144.60
2009:003:03:15:14.790	2009:003:03:20:04.790	09939	75624	6	6	1	1	129.00	143.76
2009:003:03:20:04.790	2009:003:03:24:08.321	09939	75624	6	6	1	1	129.00	143.53
2009:003:03:24:08.321	2009:003:05:54:08.321	09939	75624	6	6	1	1	129.00	143.51
2009:003:05:54:08.321	2009:003:08:24:08.321	09939	75624	6	6	1	1	129.00	143.47
2009:003:08:24:08.321	2009:003:10:54:08.321	09939	75624	6	6	1	1	129.00	143.43
2009:003:10:54:08.321	2009:003:13:24:08.321	09939	75624	6	6	1	1	129.00	143.38
2009:003:13:24:08.321	2009:003:15:54:08.321	09939	75624	6	6	1	1	129.00	143.34
2009:003:15:54:08.321	2009:003:18:24:08.321	09939	75624	6	6	1	1	129.00	143.30
2009:003:18:24:08.321	2009:003:20:54:08.321	09939	75624	6	6	1	1	129.00	143.26
2009:003:20:54:08.321	2009:003:23:24:08.321	09939	75624	6	6	1	1	129.00	143.21
2009:003:23:24:08.321	2009:004:01:54:08.321	09939	75624	6	6	1	1	129.00	143.17
2009:004:01:54:08.321	2009:004:04:24:08.321	09939	75624	6	6	1	1	129.00	143.12
2009:004:04:24:08.321	2009:004:06:54:08.321	09939	75624	6	6	1	1	129.00	143.08
2009:004:06:54:08.321	2009:004:09:24:08.321	09939	75624	6	6	1	1	129.00	143.03
2009:004:09:24:08.321	2009:004:11:44:56.067	09939	75624	6	6	1	1	129.00	142.99
2009:004:11:44:56.067	2009:004:11:45:06.318	09939	75624	6	6	1	0	118.00	142.99
2009:004:11:45:06.318	2009:004:11:47:56.067	09939	75624	6	6	1	0	118.00	142.95
2009:004:11:47:56.067	2009:004:11:49:46.318	57406	75624	6	6	1	0	118.00	142.95
2009:004:11:49:46.318	2009:004:11:54:26.318	57406	75624	6	6	1	0	118.00	143.44
2009:004:11:54:26.318	2009:004:11:59:06.318	57406	75624	6	6	1	0	118.00	145.29
2009:004:11:59:06.318	2009:004:12:03:46.318	57406	75624	6	6	1	0	118.00	148.38
2009:004:12:03:46.318	2009:004:12:08:26.318	57406	75624	6	6	1	0	118.00	151.48
2009:004:12:08:26.318	2009:004:12:12:48.776	57406	75624	6	6	1	0	118.00	153.28
2009:004:12:12:48.776	2009:004:12:17:18.521	57406	75624	6	6	1	0	118.00	153.71
2009:004:12:17:18.521	2009:004:12:17:28.772	10723	92904	6	6	1	0	118.00	153.71
2009:004:12:17:28.772	2009:004:12:22:09.121	10723	92904	6	6	1	0	118.00	153.71
2009:004:12:22:09.121	2009:004:12:22:13.121	10723	92904	6	6	1	0	118.00	153.71
2009:004:12:22:13.121	2009:004:12:22:17.121	10723	92904	6	6	1	0	118.00	153.71
2009:004:12:22:17.121	2009:004:12:22:28.772	10723	92904	0	0	1	0	40.00	153.71
2009:004:12:22:28.772	2009:004:12:22:41.121	10723	92904	0	0	1	0	40.00	149.16
2009:004:12:22:41.121	2009:004:12:23:48.121	10723	92904	5	5	1	0	112.30	149.16
2009:004:12:23:48.121	2009:004:12:27:28.772	10723	92904	5	5	1	1	113.90	149.16
2009:004:12:27:28.772	2009:004:12:32:28.772	10723	92904	5	5	1	1	113.90	133.46
2009:004:12:32:28.772	2009:004:12:37:28.772	10723	92904	5	5	1	1	113.90	111.09
2009:004:12:37:28.772	2009:004:12:42:28.772	10723	92904	5	5	1	1	113.90	88.87
2009:004:12:42:28.772	2009:004:12:47:02.375	10723	92904	5	5	1	1	113.90	74.17
2009:004:12:47:02.375	2009:004:14:14:42.120	10723	92904	5	5	1	1	113.90	70.46
2009:004:14:14:42.120	2009:004:14:14:52.371	10723	-99616	5	5	1	0	112.30	70.46
2009:004:14:14:52.371	2009:004:14:17:42.120	10723	-99616	5	5	1	0	112.30	70.51
2009:004:14:17:42.120	2009:004:14:19:52.371	10625	-99616	5	5	1	0	112.30	70.51
2009:004:14:19:52.371	2009:004:14:24:52.371	10625	-99616	5	5	1	0	112.30	70.31
2009:004:14:24:52.371	2009:004:14:29:52.371	10625	-99616	5	5	1	0	112.30	69.44
2009:004:14:29:52.371	2009:004:14:34:52.371	10625	-99616	5	5	1	0	112.30	67.78
2009:004:14:34:52.371	2009:004:14:39:52.371	10625	-99616	5	5	1	0	112.30	65.87
2009:004:14:39:52.371	2009:004:14:41:26.523	10625	-99616	5	5	1	0	112.30	63.98
2009:004:14:41:26.523	2009:004:14:41:30.523	10625	-99616	5	5	1	0	112.30	63.98
2009:004:14:41:30.523	2009:004:14:41:34.523	10625	-99616	5	5	1	0	112.30	63.98
2009:004:14:41:34.523	2009:004:14:41:58.523	10625	-99616	0	0	1	0	40.00	63.98
2009:004:14:41:58.523	2009:004:14:43:09.523	10625	-99616	5	5	1	0	112.30	63.98
2009:004:14:43:09.523	2009:004:14:44:52.371	10625	-99616	5	5	1	1	113.90	63.98
2009:004:14:44:52.371	2009:004:14:49:52.371	10625	-99616	5	5	1	1	113.90	62.47
2009:004:14:49:52.371	2009:004:14:53:27.777	10625	-99616	5	5	1	1	113.90	61.81
2009:004:14:53:27.777	2009:004:15:31:07.523	10625	-99616	5	5	1	1	113.90	61.72
2009:004:15:31:07.523	2009:004:15:31:17.774	10626	-99616	5	5	1	1	113.90	61.72
2009:004:15:31:17.774	2009:004:15:35:17.779	10626	-99616	5	5	1	1	113.90	61.72
2009:004:15:35:17.779	2009:004:16:12:57.523	10626	-99616	5	5	1	1	113.90	61.72
2009:004:16:12:57.523	2009:004:16:13:07.774	10627	-99616	5	5	1	1	113.90	61.72
2009:004:16:13:07.774	2009:004:16:17:07.779	10627	-99616	5	5	1	1	113.90	61.72
2009:004:16:17:07.779	2009:004:16:54:47.523	10627	-99616	5	5	1	1	113.90	61.72
2009:004:16:54:47.523	2009:004:16:54:57.774	10628	-99616	5	5	1	1	113.90	61.72
2009:004:16:54:57.774	2009:004:16:59:03.206	10628	-99616	5	5	1	1	113.90	61.72
2009:004:16:59:03.206	2009:004:17:33:42.949	10628	-99616	5	5	1	1	113.90	61.72
2009:004:17:33:42.949	2009:004:17:36:42.949	10628	-99616	5	5	1	0	112.30	61.72
2009:004:17:36:42.949	2009:004:17:38:17.848	10624	-50504	5	5	1	0	112.30	61.72
2009:004:17:38:17.848	2009:004:17:42:17.853	10624	-50504	5	5	1	0	112.30	61.72
2009:004:17:42:17.853	2009:004:18:19:57.597	10624	-50504	5	5	1	0	112.30	61.72
2009:004:18:19:57.597	2009:004:18:20:07.848	10474	75624	5	5	1	0	112.30	61.72
2009:004:18:20:07.848	2009:004:18:22:57.597	10474	75624	5	5	1	0	112.30	61.72
2009:004:18:22:57.597	2009:004:18:23:01.597	10474	75624	5	5	1	0	112.30	61.72
2009:004:18:23:01.597	2009:004:18:23:05.597	10474	75624	5	5	1	0	112.30	61.72
2009:004:18:23:05.597	2009:004:18:23:29.597	10474	75624	0	0	1	0	40.00	61.72
2009:004:18:23:29.597	2009:004:18:24:36.597	10474	75624	5	5	1	0	112.30	61.72
2009:004:18:24:36.597	2009:004:18:24:57.848	10474	75624	5	5	1	1	113.90	61.72
2009:004:18:24:57.848	2009:004:18:29:47.848	10474	75624	5	5	1	1	113.90	65.68
2009:004:18:29:47.848	2009:004:18:34:37.848	10474	75624	5	5	1	1	113.90	79.58
2009:004:18:34:37.848	2009:004:18:39:27.848	10474	75624	5	5	1	1	113.90	100.31
2009:004:18:39:27.848	2009:004:18:44:17.848	10474	75624	5	5	1	1	113.90	121.35
2009:004:18:44:17.848	2009:004:18:49:07.848	10474	75624	5	5	1	1	113.90	141.51
2009:004:18:49:07.848	2009:004:18:52:51.240	10474	75624	5	5	1	1	113.90	153.18
2009:004:18:52:51.240	2009:004:20:32:51.240	10474	75624	5	5	1	1	113.90	155.39
2009:004:20:32:51.240	2009:004:21:43:51.918	10474	75624	5	5	1	1	113.90	155.42
2009:004:21:43:51.918	2009:004:21:58:51.918	10474	-99616	5	5	1	0	112.30	155.42
2009:004:21:58:51.918	2009:004:21:59:02.169	57405	-99616	5	5	1	0	112.30	155.42
2009:004:21:59:02.169	2009:004:22:01:51.918	57405	-99616	5	5	1	0	112.30	155.45
2009:004:22:01:51.918	2009:004:22:01:55.918	57405	-99616	5	5	1	0	112.30	155.45
2009:004:22:01:55.918	2009:004:22:01:59.918	57405	-99616	5	5	1	0	112.30	155.45
2009:004:22:01:59.918	2009:004:22:02:23.918	57405	-99616	0	0	1	0	40.00	155.45
2009:004:22:02:23.918	2009:004:22:03:30.918	57405	-99616	6	6	1	0	118.00	155.45
2009:004:22:03:30.918	2009:004:22:04:02.169	57405	-99616	6	6	1	1	129.00	155.45
2009:004:22:04:02.169	2009:004:22:09:02.169	57405	-99616	6	6	1	1	129.00	155.46
2009:004:22:09:02.169	2009:004:22:14:02.169	57405	-99616	6	6	1	1	129.00	155.50
2009:004:22:14:02.169	2009:004:22:19:02.169	57405	-99616	6	6	1	1	129.00	155.58
2009:004:22:19:02.169	2009:004:22:24:02.169	57405	-99616	6	6	1	1	129.00	155.67
2009:004:22:24:02.169	2009:004:22:29:02.169	57405	-99616	6	6	1	1	129.00	155.77
2009:004:22:29:02.169	2009:004:22:34:02.169	57405	-99616	6	6	1	1	129.00	155.86
2009:004:22:34:02.169	2009:004:22:39:02.169	57405	-99616	6	6	1	1	129.00	155.92
2009:004:22:39:02.169	2009:004:22:43:21.918	57405	-99616	6	6	1	1	129.00	155.94
2009:004:22:43:21.918	2009:004:22:44:02.169	57405	-99616	6	6	1	0	118.00	155.94
2009:004:22:44:02.169	2009:004:22:46:21.918	57405	-99616	6	6	1	0	118.00	155.94
2009:004:22:46:21.918	2009:004:22:46:30.918	57405	-99616	6	6	1	0	118.00	155.94
2009:004:22:46:30.918	2009:004:22:48:20.626	57405	-99616	6	6	0	0	96.60	155.94
2009:004:22:48:20.626	2009:005:00:13:20.626	57405	-99616	6	6	0	0	96.60	155.93
2009:005:00:13:20.626	2009:005:01:30:27.519	57405	-99616	6	6	0	0	96.60	155.91
2009:005:01:30:27.519	2009:005:01:30:37.770	57404	-99616	6	6	0	0	96.60	155.91
2009:005:01:30:37.770	2009:005:01:34:37.770	57404	-99616	6	6	0	0	96.60	155.88
2009:005:01:34:37.770	2009:005:01:38:37.770	57404	-99616	6	6	0	0	96.60	155.75
2009:005:01:38:37.770	2009:005:01:42:02.175	57404	-99616	6	6	0	0	96.60	155.37
2009:005:01:42:02.175	2009:005:03:31:08.603	57404	-99616	6	6	0	0	96.60	155.28
2009:005:03:31:08.603	2009:005:03:31:18.854	57403	-99616	6	6	0	0	96.60	155.28
2009:005:03:31:18.854	2009:005:03:35:48.854	57403	-99616	6	6	0	0	96.60	155.26
2009:005:03:35:48.854	2009:005:03:40:18.854	57403	-99616	6	6	0	0	96.60	155.26
2009:005:03:40:18.854	2009:005:03:44:48.854	57403	-99616	6	6	0	0	96.60	155.25
2009:005:03:44:48.854	2009:005:03:49:18.854	57403	-99616	6	6	0	0	96.60	155.23
2009:005:03:49:18.854	2009:005:03:53:48.854	57403	-99616	6	6	0	0	96.60	155.22
2009:005:03:53:48.854	2009:005:03:58:18.854	57403	-99616	6	6	0	0	96.60	155.21
2009:005:03:58:18.854	2009:005:04:02:48.854	57403	-99616	6	6	0	0	96.60	155.20
2009:005:04:02:48.854	2009:005:04:06:43.696	57403	-99616	6	6	0	0	96.60	155.20
2009:005:04:06:43.696	2009:005:05:11:03.441	57403	-99616	6	6	0	0	96.60	155.20
2009:005:05:11:03.441	2009:005:05:11:13.692	57402	-99616	6	6	0	0	96.60	155.20
2009:005:05:11:13.692	2009:005:05:15:43.692	57402	-99616	6	6	0	0	96.60	155.16
2009:005:05:15:43.692	2009:005:05:20:13.692	57402	-99616	6	6	0	0	96.60	155.16
2009:005:05:20:13.692	2009:005:05:24:43.692	57402	-99616	6	6	0	0	96.60	155.16
2009:005:05:24:43.692	2009:005:05:29:13.692	57402	-99616	6	6	0	0	96.60	155.17
2009:005:05:29:13.692	2009:005:05:33:43.692	57402	-99616	6	6	0	0	96.60	155.19
2009:005:05:33:43.692	2009:005:05:38:13.692	57402	-99616	6	6	0	0	96.60	155.21
2009:005:05:38:13.692	2009:005:05:42:43.692	57402	-99616	6	6	0	0	96.60	155.23
2009:005:05:42:43.692	2009:005:05:46:34.685	57402	-99616	6	6	0	0	96.60	155.24
2009:005:05:46:34.685	2009:005:06:50:54.431	57402	-99616	6	6	0	0	96.60	155.24
2009:005:06:50:54.431	2009:005:06:51:04.682	57401	-99616	6	6	0	0	96.60	155.24
2009:005:06:51:04.682	2009:005:06:55:34.682	57401	-99616	6	6	0	0	96.60	155.23
2009:005:06:55:34.682	2009:005:07:00:04.682	57401	-99616	6	6	0	0	96.60	155.22
2009:005:07:00:04.682	2009:005:07:04:34.682	57401	-99616	6	6	0	0	96.60	155.20
2009:005:07:04:34.682	2009:005:07:09:04.682	57401	-99616	6	6	0	0	96.60	155.17
2009:005:07:09:04.682	2009:005:07:13:34.682	57401	-99616	6	6	0	0	96.60	155.13
2009:005:07:13:34.682	2009:005:07:18:04.682	57401	-99616	6	6	0	0	96.60	155.11
2009:005:07:18:04.682	2009:005:07:22:34.682	57401	-99616	6	6	0	0	96.60	155.09
2009:005:07:22:34.682	2009:005:07:26:24.067	57401	-99616	6	6	0	0	96.60	155.08
2009:005:07:26:24.067	2009:005:08:41:26.915	57401	-99616	6	6	0	0	96.60	155.08
2009:005:08:41:26.915	2009:005:08:41:37.166	57400	-99616	6	6	0	0	96.60	155.08
2009:005:08:41:37.166	2009:005:08:46:17.166	57400	-99616	6	6	0	0	96.60	155.04
2009:005:08:46:17.166	2009:005:08:50:57.166	57400	-99616	6	6	0	0	96.60	155.05
2009:005:08:50:57.166	2009:005:08:55:37.166	57400	-99616	6	6	0	0	96.60	155.12
2009:005:08:55:37.166	2009:005:09:00:17.166	57400	-99616	6	6	0	0	96.60	155.27
2009:005:09:00:17.166	2009:005:09:04:57.166	57400	-99616	6	6	0	0	96.60	155.44
2009:005:09:04:57.166	2009:005:09:09:37.166	57400	-99616	6	6	0	0	96.60	155.61
2009:005:09:09:37.166	2009:005:09:14:17.166	57400	-99616	6	6	0	0	96.60	155.76
2009:005:09:14:17.166	2009:005:09:18:09.478	57400	-99616	6	6	0	0	96.60	155.83
2009:005:09:18:09.478	2009:005:09:22:29.224	57400	-99616	6	6	0	0	96.60	155.85
2009:005:09:22:29.224	2009:005:09:22:33.224	57400	-99616	6	6	0	0	96.60	155.85
2009:005:09:22:33.224	2009:005:09:22:37.224	57400	-99616	6	6	0	0	96.60	155.85
2009:005:09:22:37.224	2009:005:09:23:01.224	57400	-99616	0	0	1	0	40.00	155.85
2009:005:09:23:01.224	2009:005:09:24:04.224	57400	-99616	6	6	1	0	118.00	155.85
2009:005:09:24:04.224	2009:005:10:48:09.478	57400	-99616	6	6	1	1	129.00	155.85
2009:005:10:48:09.478	2009:005:12:06:09.224	57400	-99616	6	6	1	1	129.00	155.84
2009:005:12:06:09.224	2009:005:12:09:09.224	57400	-99616	6	6	1	0	118.00	155.84
2009:005:12:09:09.224	2009:005:12:09:19.475	10130	-99616	6	6	1	0	118.00	155.84
2009:005:12:09:19.475	2009:005:12:09:34.224	10130	-99616	6	6	1	0	118.00	155.83
2009:005:12:09:34.224	2009:005:12:12:09.224	10130	75624	6	6	1	0	118.00	155.83
2009:005:12:12:09.224	2009:005:12:12:13.224	10130	75624	6	6	1	0	118.00	155.83
2009:005:12:12:13.224	2009:005:12:12:17.224	10130	75624	6	6	1	0	118.00	155.83
2009:005:12:12:17.224	2009:005:12:12:41.224	10130	75624	0	0	1	0	40.00	155.83
2009:005:12:12:41.224	2009:005:12:13:48.224	10130	75624	1	1	1	0	58.30	155.83
2009:005:12:13:48.224	2009:005:12:13:49.475	10130	75624	1	1	1	1	57.00	155.83
2009:005:12:13:49.475	2009:005:12:18:19.475	10130	75624	1	1	1	1	57.00	152.22
2009:005:12:18:19.475	2009:005:12:22:49.475	10130	75624	1	1	1	1	57.00	139.60
2009:005:12:22:49.475	2009:005:12:27:19.475	10130	75624	1	1	1	1	57.00	119.93
2009:005:12:27:19.475	2009:005:12:31:49.475	10130	75624	1	1	1	1	57.00	100.73
2009:005:12:31:49.475	2009:005:12:35:43.638	10130	75624	1	1	1	1	57.00	89.32
2009:005:12:35:43.638	2009:005:14:30:43.638	10130	75624	1	1	1	1	57.00	86.70
2009:005:14:30:43.638	2009:005:16:25:43.638	10130	75624	1	1	1	1	57.00	86.70
2009:005:16:25:43.638	2009:005:18:13:23.382	10130	75624	1	1	1	1	57.00	86.70
2009:005:18:13:23.382	2009:005:18:13:33.633	10130	75624	1	1	1	0	58.30	86.70
2009:005:18:13:33.633	2009:005:18:16:23.382	10130	75624	1	1	1	0	58.30	86.70
2009:005:18:16:23.382	2009:005:18:18:33.633	10839	75624	1	1	1	0	58.30	86.70
2009:005:18:18:33.633	2009:005:18:21:13.982	10839	75624	1	1	1	0	58.30	90.88
2009:005:18:21:13.982	2009:005:18:21:17.982	10839	75624	1	1	1	0	58.30	90.88
2009:005:18:21:17.982	2009:005:18:21:21.982	10839	75624	1	1	1	0	58.30	90.88
2009:005:18:21:21.982	2009:005:18:21:45.982	10839	75624	0	0	1	0	40.00	90.88
2009:005:18:21:45.982	2009:005:18:22:52.982	10839	75624	6	6	1	0	118.00	90.88
2009:005:18:22:52.982	2009:005:18:23:33.633	10839	75624	6	6	1	1	129.00	90.88
2009:005:18:23:33.633	2009:005:18:28:33.633	10839	75624	6	6	1	1	129.00	105.39
2009:005:18:28:33.633	2009:005:18:33:33.633	10839	75624	6	6	1	1	129.00	125.92
2009:005:18:33:33.633	2009:005:18:37:59.735	10839	75624	6	6	1	1	129.00	139.21
2009:005:18:37:59.735	2009:005:20:52:59.735	10839	75624	6	6	1	1	129.00	142.38
2009:005:20:52:59.735	2009:005:23:07:59.735	10839	75624	6	6	1	1	129.00	142.33
2009:005:23:07:59.735	2009:006:01:22:59.735	10839	75624	6	6	1	1	129.00	142.29
2009:006:01:22:59.735	2009:006:03:37:59.735	10839	75624	6	6	1	1	129.00	142.25
2009:006:03:37:59.735	2009:006:05:36:59.982	10839	75624	6	6	1	1	129.00	142.20
2009:006:05:36:59.982	2009:006:05:37:10.233	10839	90520	6	6	1	0	118.00	142.20
2009:006:05:37:10.233	2009:006:05:39:59.982	10839	90520	6	6	1	0	118.00	142.16
2009:006:05:39:59.982	2009:006:05:42:00.233	10445	90520	6	6	1	0	118.00	142.16
2009:006:05:42:00.233	2009:006:05:44:50.582	10445	90520	6	6	1	0	118.00	142.25
2009:006:05:44:50.582	2009:006:05:44:54.582	10445	90520	6	6	1	0	118.00	142.25
2009:006:05:44:54.582	2009:006:05:44:58.582	10445	90520	6	6	1	0	118.00	142.25
2009:006:05:44:58.582	2009:006:05:45:22.582	10445	90520	0	0	1	0	40.00	142.25
2009:006:05:45:22.582	2009:006:05:46:29.582	10445	90520	5	5	1	0	112.30	142.25
2009:006:05:46:29.582	2009:006:05:46:50.233	10445	90520	5	5	1	1	113.90	142.25
2009:006:05:46:50.233	2009:006:05:51:40.233	10445	90520	5	5	1	1	113.90	142.66
2009:006:05:51:40.233	2009:006:05:56:30.233	10445	90520	5	5	1	1	113.90	143.52
2009:006:05:56:30.233	2009:006:06:01:20.233	10445	90520	5	5	1	1	113.90	144.59
2009:006:06:01:20.233	2009:006:06:06:10.233	10445	90520	5	5	1	1	113.90	145.73
2009:006:06:06:10.233	2009:006:06:11:00.233	10445	90520	5	5	1	1	113.90	146.78
2009:006:06:11:00.233	2009:006:06:15:50.233	10445	90520	5	5	1	1	113.90	147.57
2009:006:06:15:50.233	2009:006:06:20:40.233	10445	90520	5	5	1	1	113.90	147.96
2009:006:06:20:40.233	2009:006:06:24:41.795	10445	90520	5	5	1	1	113.90	147.99
2009:006:06:24:41.795	2009:006:08:49:41.795	10445	90520	5	5	1	1	113.90	147.97
2009:006:08:49:41.795	2009:006:11:14:41.795	10445	90520	5	5	1	1	113.90	148.04
2009:006:11:14:41.795	2009:006:13:39:41.795	10445	90520	5	5	1	1	113.90	148.11
2009:006:13:39:41.795	2009:006:16:04:41.795	10445	90520	5	5	1	1	113.90	148.17
2009:006:16:04:41.795	2009:006:18:29:41.795	10445	90520	5	5	1	1	113.90	148.24
2009:006:18:29:41.795	2009:006:20:54:41.795	10445	90520	5	5	1	1	113.90	148.31
2009:006:20:54:41.795	2009:006:23:19:41.795	10445	90520	5	5	1	1	113.90	148.37
2009:006:23:19:41.795	2009:007:01:44:41.795	10445	90520	5	5	1	1	113.90	148.44
2009:007:01:44:41.795	2009:007:03:52:21.543	10445	90520	5	5	1	1	113.90	148.50
2009:007:03:52:21.543	2009:007:03:52:31.794	10445	75624	5	5	1	0	112.30	148.50
2009:007:03:52:31.794	2009:007:03:55:21.543	10445	75624	5	5	1	0	112.30	148.56
2009:007:03:55:21.543	2009:007:03:55:25.543	10274	75624	5	5	1	0	112.30	148.56
2009:007:03:55:25.543	2009:007:03:55:29.543	10274	75624	5	5	1	0	112.30	148.56
2009:007:03:55:29.543	2009:007:03:55:53.543	10274	75624	0	0	1	0	40.00	148.56
2009:007:03:55:53.543	2009:007:03:57:00.543	10274	75624	1	1	1	0	58.30	148.56
2009:007:03:57:00.543	2009:007:03:57:01.794	10274	75624	1	1	1	1	57.00	148.56
2009:007:03:57:01.794	2009:007:04:01:31.794	10274	75624	1	1	1	1	57.00	144.96
2009:007:04:01:31.794	2009:007:04:06:01.794	10274	75624	1	1	1	1	57.00	132.48
2009:007:04:06:01.794	2009:007:04:10:09.248	10274	75624	1	1	1	1	57.00	120.67
2009:007:04:10:09.248	2009:007:05:40:09.248	10274	75624	1	1	1	1	57.00	117.71
2009:007:05:40:09.248	2009:007:07:01:08.992	10274	75624	1	1	1	1	57.00	117.75
2009:007:07:01:08.992	2009:007:07:01:19.243	10274	75624	1	1	1	0	58.30	117.75
2009:007:07:01:19.243	2009:007:07:04:08.992	10274	75624	1	1	1	0	58.30	117.79
2009:007:07:04:08.992	2009:007:07:04:12.992	10737	75624	1	1	1	0	58.30	117.79
2009:007:07:04:12.992	2009:007:07:04:16.992	10737	75624	1	1	1	0	58.30	117.79
2009:007:07:04:16.992	2009:007:07:04:40.992	10737	75624	0	0	1	0	40.00	117.79
2009:007:07:04:40.992	2009:007:07:05:47.992	10737	75624	5	5	1	0	112.30	117.79
2009:007:07:05:47.992	2009:007:07:05:49.243	10737	75624	5	5	1	1	113.90	117.79
2009:007:07:05:49.243	2009:007:07:10:19.243	10737	75624	5	5	1	1	113.90	121.34
2009:007:07:10:19.243	2009:007:07:14:49.243	10737	75624	5	5	1	1	113.90	133.57
2009:007:07:14:49.243	2009:007:07:18:33.845	10737	75624	5	5	1	1	113.90	144.47
2009:007:07:18:33.845	2009:007:08:59:44.992	10737	75624	5	5	1	1	113.90	146.81
2009:007:08:59:44.992	2009:007:08:59:55.243	10737	75624	5	5	1	0	112.30	146.81
2009:007:08:59:55.243	2009:007:09:02:44.992	10737	75624	5	5	1	0	112.30	146.86
2009:007:09:02:44.992	2009:007:09:02:48.992	10283	75624	5	5	1	0	112.30	146.86
2009:007:09:02:48.992	2009:007:09:02:52.992	10283	75624	5	5	1	0	112.30	146.86
2009:007:09:02:52.992	2009:007:09:03:16.992	10283	75624	0	0	1	0	40.00	146.86
2009:007:09:03:16.992	2009:007:09:04:23.992	10283	75624	1	1	1	0	58.30	146.86
2009:007:09:04:23.992	2009:007:09:04:25.243	10283	75624	1	1	1	1	57.00	146.86
2009:007:09:04:25.243	2009:007:09:08:55.243	10283	75624	1	1	1	1	57.00	143.81
2009:007:09:08:55.243	2009:007:09:13:25.243	10283	75624	1	1	1	1	57.00	132.98
2009:007:09:13:25.243	2009:007:09:17:55.243	10283	75624	1	1	1	1	57.00	116.79
2009:007:09:17:55.243	2009:007:09:21:55.648	10283	75624	1	1	1	1	57.00	106.87
2009:007:09:21:55.648	2009:007:10:49:35.391	10283	75624	1	1	1	1	57.00	104.53
2009:007:10:49:35.391	2009:007:10:49:45.642	10283	75624	1	1	1	0	58.30	104.53
2009:007:10:49:45.642	2009:007:10:52:35.391	10283	75624	1	1	1	0	58.30	104.59
2009:007:10:52:35.391	2009:007:10:52:39.391	10740	75624	1	1	1	0	58.30	104.59
2009:007:10:52:39.391	2009:007:10:52:43.391	10740	75624	1	1	1	0	58.30	104.59
2009:007:10:52:43.391	2009:007:10:53:07.391	10740	75624	0	0	1	0	40.00	104.59
2009:007:10:53:07.391	2009:007:10:54:05.642	10740	75624	5	5	1	0	112.30	104.59
2009:007:10:54:05.642	2009:007:10:54:14.391	10740	75624	5	5	1	0	112.30	107.82
2009:007:10:54:14.391	2009:007:10:58:25.642	10740	75624	5	5	1	1	113.90	107.82
2009:007:10:58:25.642	2009:007:11:02:45.642	10740	75624	5	5	1	1	113.90	119.21
2009:007:11:02:45.642	2009:007:11:07:05.642	10740	75624	5	5	1	1	113.90	136.14
2009:007:11:07:05.642	2009:007:11:10:55.775	10740	75624	5	5	1	1	113.90	146.58
2009:007:11:10:55.775	2009:007:12:40:11.229	10740	75624	5	5	1	1	113.90	149.04
2009:007:12:40:11.229	2009:007:12:55:11.229	10740	-99616	5	5	1	0	112.30	149.04
2009:007:12:55:11.229	2009:007:12:55:21.480	57399	-99616	5	5	1	0	112.30	149.04
2009:007:12:55:21.480	2009:007:12:58:11.229	57399	-99616	5	5	1	0	112.30	149.10
2009:007:12:58:11.229	2009:007:12:58:15.229	57399	-99616	5	5	1	0	112.30	149.10
2009:007:12:58:15.229	2009:007:12:58:19.229	57399	-99616	5	5	1	0	112.30	149.10
2009:007:12:58:19.229	2009:007:12:58:43.229	57399	-99616	0	0	1	0	40.00	149.10
2009:007:12:58:43.229	2009:007:12:59:50.229	57399	-99616	6	6	1	0	118.00	149.10
2009:007:12:59:50.229	2009:007:13:00:01.480	57399	-99616	6	6	1	1	129.00	149.10
2009:007:13:00:01.480	2009:007:13:04:41.480	57399	-99616	6	6	1	1	129.00	149.26
2009:007:13:04:41.480	2009:007:13:09:21.480	57399	-99616	6	6	1	1	129.00	149.90
2009:007:13:09:21.480	2009:007:13:14:01.480	57399	-99616	6	6	1	1	129.00	151.11
2009:007:13:14:01.480	2009:007:13:18:41.480	57399	-99616	6	6	1	1	129.00	152.53
2009:007:13:18:41.480	2009:007:13:23:21.480	57399	-99616	6	6	1	1	129.00	153.96
2009:007:13:23:21.480	2009:007:13:28:01.480	57399	-99616	6	6	1	1	129.00	155.15
2009:007:13:28:01.480	2009:007:13:31:41.488	57399	-99616	6	6	1	1	129.00	155.68
2009:007:13:31:41.488	2009:007:14:10:31.229	57399	-99616	6	6	1	1	129.00	155.77
2009:007:14:10:31.229	2009:007:14:13:31.229	57399	-99616	6	6	1	0	118.00	155.77
2009:007:14:13:31.229	2009:007:14:13:40.229	57399	-99616	6	6	1	0	118.00	155.77
2009:007:14:13:40.229	2009:007:15:32:52.476	57399	-99616	6	6	0	0	96.60	155.77
2009:007:15:32:52.476	2009:007:15:33:02.727	57398	-99616	6	6	0	0	96.60	155.77
2009:007:15:33:02.727	2009:007:15:37:42.727	57398	-99616	6	6	0	0	96.60	155.71
2009:007:15:37:42.727	2009:007:15:42:22.727	57398	-99616	6	6	0	0	96.60	155.68
2009:007:15:42:22.727	2009:007:15:47:02.727	57398	-99616	6	6	0	0	96.60	155.57
2009:007:15:47:02.727	2009:007:15:51:42.727	57398	-99616	6	6	0	0	96.60	155.36
2009:007:15:51:42.727	2009:007:15:56:22.727	57398	-99616	6	6	0	0	96.60	155.12
2009:007:15:56:22.727	2009:007:16:01:02.727	57398	-99616	6	6	0	0	96.60	154.88
2009:007:16:01:02.727	2009:007:16:05:42.727	57398	-99616	6	6	0	0	96.60	154.70
2009:007:16:05:42.727	2009:007:16:09:11.484	57398	-99616	6	6	0	0	96.60	154.62
2009:007:16:09:11.484	2009:007:18:29:11.484	57398	-99616	6	6	0	0	96.60	154.61
2009:007:18:29:11.484	2009:007:20:42:32.246	57398	-99616	6	6	0	0	96.60	154.58
2009:007:20:42:32.246	2009:007:20:42:42.497	57397	-99616	6	6	0	0	96.60	154.58
2009:007:20:42:42.497	2009:007:20:47:42.497	57397	-99616	6	6	0	0	96.60	154.55
2009:007:20:47:42.497	2009:007:20:52:42.497	57397	-99616	6	6	0	0	96.60	154.55
2009:007:20:52:42.497	2009:007:20:57:42.497	57397	-99616	6	6	0	0	96.60	154.59
2009:007:20:57:42.497	2009:007:21:02:42.497	57397	-99616	6	6	0	0	96.60	154.72
2009:007:21:02:42.497	2009:007:21:07:42.497	57397	-99616	6	6	0	0	96.60	154.93
2009:007:21:07:42.497	2009:007:21:12:42.497	57397	-99616	6	6	0	0	96.60	155.18
2009:007:21:12:42.497	2009:007:21:17:42.497	57397	-99616	6	6	0	0	96.60	155.44
2009:007:21:17:42.497	2009:007:21:22:42.497	57397	-99616	6	6	0	0	96.60	155.67
2009:007:21:22:42.497	2009:007:21:27:42.497	57397	-99616	6	6	0	0	96.60	155.83
2009:007:21:27:42.497	2009:007:21:31:13.856	57397	-99616	6	6	0	0	96.60	155.89
2009:007:21:31:13.856	2009:007:23:31:13.856	57397	-99616	6	6	0	0	96.60	155.90
2009:007:23:31:13.856	2009:008:00:35:33.603	57397	-99616	6	6	0	0	96.60	155.90
2009:008:00:35:33.603	2009:008:00:35:37.603	57397	-99616	6	6	0	0	96.60	155.90
2009:008:00:35:37.603	2009:008:00:35:41.603	57397	-99616	6	6	0	0	96.60	155.90
2009:008:00:35:41.603	2009:008:00:36:05.603	57397	-99616	0	0	1	0	40.00	155.90
2009:008:00:36:05.603	2009:008:00:37:08.603	57397	-99616	6	6	1	0	118.00	155.90
2009:008:00:37:08.603	2009:008:01:31:13.856	57397	-99616	6	6	1	1	129.00	155.90
2009:008:01:31:13.856	2009:008:03:19:13.603	57397	-99616	6	6	1	1	129.00	155.91
2009:008:03:19:13.603	2009:008:03:22:13.603	57397	-99616	6	6	1	0	118.00	155.91
2009:008:03:22:13.603	2009:008:03:22:23.854	09227	-99616	6	6	1	0	118.00	155.91
2009:008:03:22:23.854	2009:008:03:22:38.603	09227	-99616	6	6	1	0	118.00	155.92
2009:008:03:22:38.603	2009:008:03:25:13.603	09227	75624	6	6	1	0	118.00	155.92
2009:008:03:25:13.603	2009:008:03:25:17.603	09227	75624	6	6	1	0	118.00	155.92
2009:008:03:25:17.603	2009:008:03:25:21.603	09227	75624	6	6	1	0	118.00	155.92
2009:008:03:25:21.603	2009:008:03:25:45.603	09227	75624	0	0	1	0	40.00	155.92
2009:008:03:25:45.603	2009:008:03:26:52.603	09227	75624	5	5	1	0	112.30	155.92
2009:008:03:26:52.603	2009:008:03:27:23.854	09227	75624	5	5	1	1	113.90	155.92
2009:008:03:27:23.854	2009:008:03:32:23.854	09227	75624	5	5	1	1	113.90	151.49
2009:008:03:32:23.854	2009:008:03:37:23.854	09227	75624	5	5	1	1	113.90	136.16
2009:008:03:37:23.854	2009:008:03:42:23.854	09227	75624	5	5	1	1	113.90	114.44
2009:008:03:42:23.854	2009:008:03:47:07.776	09227	75624	5	5	1	1	113.90	99.72
2009:008:03:47:07.776	2009:008:05:17:07.776	09227	75624	5	5	1	1	113.90	95.80
2009:008:05:17:07.776	2009:008:06:38:07.520	09227	75624	5	5	1	1	113.90	95.82
2009:008:06:38:07.520	2009:008:06:38:17.771	09227	75624	5	5	1	0	112.30	95.82
2009:008:06:38:17.771	2009:008:06:41:07.520	09227	75624	5	5	1	0	112.30	95.85
2009:008:06:41:07.520	2009:008:06:41:11.520	10303	75624	5	5	1	0	112.30	95.85
2009:008:06:41:11.520	2009:008:06:41:15.520	10303	75624	5	5	1	0	112.30	95.85
2009:008:06:41:15.520	2009:008:06:41:39.520	10303	75624	0	0	1	0	40.00	95.85
2009:008:06:41:39.520	2009:008:06:42:46.520	10303	75624	6	6	1	0	118.00	95.85
2009:008:06:42:46.520	2009:008:06:43:17.771	10303	75624	6	6	1	1	129.00	95.85
2009:008:06:43:17.771	2009:008:06:48:17.771	10303	75624	6	6	1	1	129.00	99.58
2009:008:06:48:17.771	2009:008:06:53:17.771	10303	75624	6	6	1	1	129.00	112.71
2009:008:06:53:17.771	2009:008:06:58:17.771	10303	75624	6	6	1	1	129.00	131.63
2009:008:06:58:17.771	2009:008:07:03:03.293	10303	75624	6	6	1	1	129.00	144.42
2009:008:07:03:03.293	2009:008:09:28:03.293	10303	75624	6	6	1	1	129.00	147.78
2009:008:09:28:03.293	2009:008:11:53:03.293	10303	75624	6	6	1	1	129.00	147.75
2009:008:11:53:03.293	2009:008:14:18:03.293	10303	75624	6	6	1	1	129.00	147.73
2009:008:14:18:03.293	2009:008:16:43:03.293	10303	75624	6	6	1	1	129.00	147.70
2009:008:16:43:03.293	2009:008:19:08:03.293	10303	75624	6	6	1	1	129.00	147.68
2009:008:19:08:03.293	2009:008:21:33:03.293	10303	75624	6	6	1	1	129.00	147.65
2009:008:21:33:03.293	2009:008:23:50:38.520	10303	75624	6	6	1	1	129.00	147.62
2009:008:23:50:38.520	2009:008:23:50:48.771	10303	75624	6	6	1	0	118.00	147.62
2009:008:23:50:48.771	2009:008:23:53:38.520	10303	75624	6	6	1	0	118.00	147.60
2009:008:23:53:38.520	2009:008:23:55:38.771	57396	75624	6	6	1	0	118.00	147.60
2009:008:23:55:38.771	2009:009:00:00:28.771	57396	75624	6	6	1	0	118.00	147.66
2009:009:00:00:28.771	2009:009:00:05:18.771	57396	75624	6	6	1	0	118.00	147.99
2009:009:00:05:18.771	2009:009:00:10:08.771	57396	75624	6	6	1	0	118.00	148.78
2009:009:00:10:08.771	2009:009:00:14:58.771	57396	75624	6	6	1	0	118.00	149.87
2009:009:00:14:58.771	2009:009:00:19:48.771	57396	75624	6	6	1	0	118.00	151.11
2009:009:00:19:48.771	2009:009:00:24:38.771	57396	75624	6	6	1	0	118.00	152.34
2009:009:00:24:38.771	2009:009:00:29:28.771	57396	75624	6	6	1	0	118.00	153.36
2009:009:00:29:28.771	2009:009:00:34:05.157	57396	75624	6	6	1	0	118.00	153.85
2009:009:00:34:05.157	2009:009:00:38:34.903	57396	75624	6	6	1	0	118.00	153.95
2009:009:00:38:34.903	2009:009:00:38:45.154	09332	89824	6	6	1	0	118.00	153.95
2009:009:00:38:45.154	2009:009:00:41:34.903	09332	89824	6	6	1	0	118.00	153.94
2009:009:00:41:34.903	2009:009:00:41:38.903	09332	89824	6	6	1	0	118.00	153.94
2009:009:00:41:38.903	2009:009:00:41:42.903	09332	89824	6	6	1	0	118.00	153.94
2009:009:00:41:42.903	2009:009:00:42:06.903	09332	89824	0	0	1	0	40.00	153.94
2009:009:00:42:06.903	2009:009:00:43:13.903	09332	89824	5	5	1	0	112.30	153.94
2009:009:00:43:13.903	2009:009:00:43:25.154	09332	89824	5	5	1	1	113.90	153.94
2009:009:00:43:25.154	2009:009:00:48:05.154	09332	89824	5	5	1	1	113.90	150.17
2009:009:00:48:05.154	2009:009:00:52:45.154	09332	89824	5	5	1	1	113.90	137.00
2009:009:00:52:45.154	2009:009:00:57:25.154	09332	89824	5	5	1	1	113.90	117.46
2009:009:00:57:25.154	2009:009:01:01:51.764	09332	89824	5	5	1	1	113.90	104.77
2009:009:01:01:51.764	2009:009:03:11:51.764	09332	89824	5	5	1	1	113.90	101.40
2009:009:03:11:51.764	2009:009:05:16:11.508	09332	89824	5	5	1	1	113.90	101.39
2009:009:05:16:11.508	2009:009:05:16:21.759	09332	73176	5	5	1	0	112.30	101.39
2009:009:05:16:21.759	2009:009:05:19:11.508	09332	73176	5	5	1	0	112.30	101.38
2009:009:05:19:11.508	2009:009:05:20:41.759	10695	73176	5	5	1	0	112.30	101.38
2009:009:05:20:41.759	2009:009:05:24:02.108	10695	73176	5	5	1	0	112.30	98.93
2009:009:05:24:02.108	2009:009:05:24:06.108	10695	73176	5	5	1	0	112.30	98.93
2009:009:05:24:06.108	2009:009:05:24:10.108	10695	73176	5	5	1	0	112.30	98.93
2009:009:05:24:10.108	2009:009:05:24:34.108	10695	73176	0	0	1	0	40.00	98.93
2009:009:05:24:34.108	2009:009:05:25:01.759	10695	73176	6	6	1	0	118.00	98.93
2009:009:05:25:01.759	2009:009:05:25:41.108	10695	73176	6	6	1	0	118.00	90.09
2009:009:05:25:41.108	2009:009:05:29:21.759	10695	73176	6	6	1	1	129.00	90.09
2009:009:05:29:21.759	2009:009:05:33:41.759	10695	73176	6	6	1	1	129.00	75.50
2009:009:05:33:41.759	2009:009:05:38:01.759	10695	73176	6	6	1	1	129.00	61.39
2009:009:05:38:01.759	2009:009:05:41:41.750	10695	73176	6	6	1	1	129.00	53.52
2009:009:05:41:41.750	2009:009:07:56:41.750	10695	73176	6	6	1	1	129.00	51.85
2009:009:07:56:41.750	2009:009:10:11:41.750	10695	73176	6	6	1	1	129.00	51.90
2009:009:10:11:41.750	2009:009:12:26:41.750	10695	73176	6	6	1	1	129.00	51.96
2009:009:12:26:41.750	2009:009:14:41:41.750	10695	73176	6	6	1	1	129.00	52.02
2009:009:14:41:41.750	2009:009:16:27:58.494	10695	73176	6	6	1	1	129.00	52.07
2009:009:16:27:58.494	2009:009:16:28:08.745	10695	75624	6	6	1	0	118.00	52.07
2009:009:16:28:08.745	2009:009:16:30:58.494	10695	75624	6	6	1	0	118.00	52.12
2009:009:16:30:58.494	2009:009:16:32:38.745	10146	75624	6	6	1	0	118.00	52.12
2009:009:16:32:38.745	2009:009:16:35:49.094	10146	75624	6	6	1	0	118.00	55.74
2009:009:16:35:49.094	2009:009:16:35:53.094	10146	75624	6	6	1	0	118.00	55.74
2009:009:16:35:53.094	2009:009:16:35:57.094	10146	75624	6	6	1	0	118.00	55.74
2009:009:16:35:57.094	2009:009:16:36:21.094	10146	75624	0	0	1	0	40.00	55.74
2009:009:16:36:21.094	2009:009:16:37:08.745	10146	75624	5	5	1	0	112.30	55.74
2009:009:16:37:08.745	2009:009:16:37:28.094	10146	75624	5	5	1	0	112.30	68.39
2009:009:16:37:28.094	2009:009:16:41:38.745	10146	75624	5	5	1	1	113.90	68.39
2009:009:16:41:38.745	2009:009:16:46:08.745	10146	75624	5	5	1	1	113.90	88.11
2009:009:16:46:08.745	2009:009:16:50:38.745	10146	75624	5	5	1	1	113.90	108.35
2009:009:16:50:38.745	2009:009:16:55:08.745	10146	75624	5	5	1	1	113.90	127.73
2009:009:16:55:08.745	2009:009:16:59:12.523	10146	75624	5	5	1	1	113.90	139.49
2009:009:16:59:12.523	2009:009:17:36:52.267	10146	75624	5	5	1	1	113.90	142.36
2009:009:17:36:52.267	2009:009:17:37:02.518	10146	75624	5	5	1	0	112.30	142.36
2009:009:17:37:02.518	2009:009:17:39:52.267	10146	75624	5	5	1	0	112.30	142.38
2009:009:17:39:52.267	2009:009:17:39:56.267	10361	75624	5	5	1	0	112.30	142.38
2009:009:17:39:56.267	2009:009:17:40:00.267	10361	75624	5	5	1	0	112.30	142.38
2009:009:17:40:00.267	2009:009:17:40:24.267	10361	75624	0	0	1	0	40.00	142.38
2009:009:17:40:24.267	2009:009:17:41:31.267	10361	75624	6	6	1	0	118.00	142.38
2009:009:17:41:31.267	2009:009:17:42:02.518	10361	75624	6	6	1	1	129.00	142.38
2009:009:17:42:02.518	2009:009:17:47:02.518	10361	75624	6	6	1	1	129.00	144.18
2009:009:17:47:02.518	2009:009:17:51:37.502	10361	75624	6	6	1	1	129.00	149.04
2009:009:17:51:37.502	2009:009:19:16:37.502	10361	75624	6	6	1	1	129.00	150.52
2009:009:19:16:37.502	2009:009:20:26:32.267	10361	75624	6	6	1	1	129.00	150.57
2009:009:20:26:32.267	2009:009:20:26:42.518	10361	75624	6	6	1	0	118.00	150.57
2009:009:20:26:42.518	2009:009:20:29:32.267	10361	75624	6	6	1	0	118.00	150.62
2009:009:20:29:32.267	2009:009:20:29:36.267	10750	75624	6	6	1	0	118.00	150.62
2009:009:20:29:36.267	2009:009:20:29:40.267	10750	75624	6	6	1	0	118.00	150.62
2009:009:20:29:40.267	2009:009:20:30:04.267	10750	75624	0	0	1	0	40.00	150.62
2009:009:20:30:04.267	2009:009:20:31:11.267	10750	75624	5	5	1	0	112.30	150.62
2009:009:20:31:11.267	2009:009:20:31:12.518	10750	75624	5	5	1	1	113.90	150.62
2009:009:20:31:12.518	2009:009:20:35:26.402	10750	75624	5	5	1	1	113.90	151.65
2009:009:20:35:26.402	2009:009:22:25:08.267	10750	75624	5	5	1	1	113.90	152.57
2009:009:22:25:08.267	2009:009:22:25:18.518	10750	75624	5	5	1	0	112.30	152.57
2009:009:22:25:18.518	2009:009:22:28:08.267	10750	75624	5	5	1	0	112.30	152.64
2009:009:22:28:08.267	2009:009:22:30:18.518	57395	75624	5	5	1	0	112.30	152.64
2009:009:22:30:18.518	2009:009:22:35:18.518	57395	75624	5	5	1	0	112.30	152.63
2009:009:22:35:18.518	2009:009:22:40:18.518	57395	75624	5	5	1	0	112.30	152.55
2009:009:22:40:18.518	2009:009:22:45:18.518	57395	75624	5	5	1	0	112.30	152.29
2009:009:22:45:18.518	2009:009:22:50:18.518	57395	75624	5	5	1	0	112.30	151.91
2009:009:22:50:18.518	2009:009:22:55:18.518	57395	75624	5	5	1	0	112.30	151.48
2009:009:22:55:18.518	2009:009:23:00:18.518	57395	75624	5	5	1	0	112.30	151.05
2009:009:23:00:18.518	2009:009:23:05:18.518	57395	75624	5	5	1	0	112.30	150.69
2009:009:23:05:18.518	2009:009:23:10:18.518	57395	75624	5	5	1	0	112.30	150.46
2009:009:23:10:18.518	2009:009:23:15:05.903	57395	75624	5	5	1	0	112.30	150.38
2009:009:23:15:05.903	2009:009:23:19:35.651	57395	75624	5	5	1	0	112.30	150.38
2009:009:23:19:35.651	2009:009:23:19:45.902	10551	92904	5	5	1	0	112.30	150.38
2009:009:23:19:45.902	2009:009:23:22:35.651	10551	92904	5	5	1	0	112.30	150.37
2009:009:23:22:35.651	2009:009:23:22:39.651	10551	92904	5	5	1	0	112.30	150.37
2009:009:23:22:39.651	2009:009:23:22:43.651	10551	92904	5	5	1	0	112.30	150.37
2009:009:23:22:43.651	2009:009:23:23:07.651	10551	92904	0	0	1	0	40.00	150.37
2009:009:23:23:07.651	2009:009:23:24:14.651	10551	92904	6	6	1	0	118.00	150.37
2009:009:23:24:14.651	2009:009:23:24:25.902	10551	92904	6	6	1	1	129.00	150.37
2009:009:23:24:25.902	2009:009:23:29:05.902	10551	92904	6	6	1	1	129.00	146.46
2009:009:23:29:05.902	2009:009:23:33:45.902	10551	92904	6	6	1	1	129.00	132.83
2009:009:23:33:45.902	2009:009:23:38:25.902	10551	92904	6	6	1	1	129.00	112.77
2009:009:23:38:25.902	2009:009:23:42:42.177	10551	92904	6	6	1	1	129.00	99.98
2009:009:23:42:42.177	2009:010:01:12:26.651	10551	92904	6	6	1	1	129.00	96.76
2009:010:01:12:26.651	2009:010:01:12:36.902	10551	75624	6	6	1	0	118.00	96.76
2009:010:01:12:36.902	2009:010:01:15:26.651	10551	75624	6	6	1	0	118.00	96.71
2009:010:01:15:26.651	2009:010:01:15:30.651	10653	75624	6	6	1	0	118.00	96.71
2009:010:01:15:30.651	2009:010:01:15:34.651	10653	75624	6	6	1	0	118.00	96.71
2009:010:01:15:34.651	2009:010:01:15:58.651	10653	75624	0	0	1	0	40.00	96.71
2009:010:01:15:58.651	2009:010:01:17:05.651	10653	75624	1	1	1	0	58.30	96.71
2009:010:01:17:05.651	2009:010:01:17:16.902	10653	75624	1	1	1	1	57.00	96.71
2009:010:01:17:16.902	2009:010:01:21:56.902	10653	75624	1	1	1	1	57.00	96.02
2009:010:01:21:56.902	2009:010:01:26:36.902	10653	75624	1	1	1	1	57.00	93.18
2009:010:01:26:36.902	2009:010:01:31:16.902	10653	75624	1	1	1	1	57.00	87.80
2009:010:01:31:16.902	2009:010:01:35:56.902	10653	75624	1	1	1	1	57.00	81.63
2009:010:01:35:56.902	2009:010:01:40:36.902	10653	75624	1	1	1	1	57.00	75.48
2009:010:01:40:36.902	2009:010:01:45:16.902	10653	75624	1	1	1	1	57.00	70.34
2009:010:01:45:16.902	2009:010:01:49:10.044	10653	75624	1	1	1	1	57.00	67.91
2009:010:01:49:10.044	2009:010:03:09:10.044	10653	75624	1	1	1	1	57.00	67.46
2009:010:03:09:10.044	2009:010:04:06:50.593	10653	75624	1	1	1	1	57.00	67.45
2009:010:04:06:50.593	2009:010:04:21:50.593	10653	-99616	1	1	1	0	58.30	67.45
2009:010:04:21:50.593	2009:010:04:22:00.844	57394	-99616	1	1	1	0	58.30	67.45
2009:010:04:22:00.844	2009:010:04:24:50.593	57394	-99616	1	1	1	0	58.30	67.44
2009:010:04:24:50.593	2009:010:04:24:54.593	57394	-99616	1	1	1	0	58.30	67.44
2009:010:04:24:54.593	2009:010:04:24:58.593	57394	-99616	1	1	1	0	58.30	67.44
2009:010:04:24:58.593	2009:010:04:25:22.593	57394	-99616	0	0	1	0	40.00	67.44
2009:010:04:25:22.593	2009:010:04:26:29.593	57394	-99616	6	6	1	0	118.00	67.44
2009:010:04:26:29.593	2009:010:04:26:30.844	57394	-99616	6	6	1	1	129.00	67.44
2009:010:04:26:30.844	2009:010:04:31:00.844	57394	-99616	6	6	1	1	129.00	71.06
2009:010:04:31:00.844	2009:010:04:35:30.844	57394	-99616	6	6	1	1	129.00	83.71
2009:010:04:35:30.844	2009:010:04:40:00.844	57394	-99616	6	6	1	1	129.00	103.43
2009:010:04:40:00.844	2009:010:04:44:30.844	57394	-99616	6	6	1	1	129.00	123.68
2009:010:04:44:30.844	2009:010:04:49:00.844	57394	-99616	6	6	1	1	129.00	142.60
2009:010:04:49:00.844	2009:010:04:52:36.052	57394	-99616	6	6	1	1	129.00	153.40
2009:010:04:52:36.052	2009:010:05:37:10.593	57394	-99616	6	6	1	1	129.00	155.56
2009:010:05:37:10.593	2009:010:05:40:10.593	57394	-99616	6	6	1	0	118.00	155.56
2009:010:05:40:10.593	2009:010:05:40:19.593	57394	-99616	6	6	1	0	118.00	155.56
2009:010:05:40:19.593	2009:010:07:01:33.303	57394	-99616	6	6	0	0	96.60	155.56
2009:010:07:01:33.303	2009:010:07:01:43.554	57393	-99616	6	6	0	0	96.60	155.56
2009:010:07:01:43.554	2009:010:07:06:43.554	57393	-99616	6	6	0	0	96.60	155.54
2009:010:07:06:43.554	2009:010:07:11:43.554	57393	-99616	6	6	0	0	96.60	155.38
2009:010:07:11:43.554	2009:010:07:16:43.554	57393	-99616	6	6	0	0	96.60	154.70
2009:010:07:16:43.554	2009:010:07:21:43.554	57393	-99616	6	6	0	0	96.60	153.54
2009:010:07:21:43.554	2009:010:07:26:43.554	57393	-99616	6	6	0	0	96.60	152.33
2009:010:07:26:43.554	2009:010:07:31:43.554	57393	-99616	6	6	0	0	96.60	151.27
2009:010:07:31:43.554	2009:010:07:35:50.848	57393	-99616	6	6	0	0	96.60	150.72
2009:010:07:35:50.848	2009:010:08:40:10.593	57393	-99616	6	6	0	0	96.60	150.62
2009:010:08:40:10.593	2009:010:08:40:20.844	57392	-99616	6	6	0	0	96.60	150.62
2009:010:08:40:20.844	2009:010:08:45:00.844	57392	-99616	6	6	0	0	96.60	150.58
2009:010:08:45:00.844	2009:010:08:49:40.844	57392	-99616	6	6	0	0	96.60	150.68
2009:010:08:49:40.844	2009:010:08:54:20.844	57392	-99616	6	6	0	0	96.60	151.08
2009:010:08:54:20.844	2009:010:08:59:00.844	57392	-99616	6	6	0	0	96.60	151.79
2009:010:08:59:00.844	2009:010:09:03:40.844	57392	-99616	6	6	0	0	96.60	152.56
2009:010:09:03:40.844	2009:010:09:08:20.844	57392	-99616	6	6	0	0	96.60	153.24
2009:010:09:08:20.844	2009:010:09:12:15.032	57392	-99616	6	6	0	0	96.60	153.59
2009:010:09:12:15.032	2009:010:10:24:40.339	57392	-99616	6	6	0	0	96.60	153.66
2009:010:10:24:40.339	2009:010:10:24:50.590	57391	-99616	6	6	0	0	96.60	153.66
2009:010:10:24:50.590	2009:010:10:29:30.590	57391	-99616	6	6	0	0	96.60	153.64
2009:010:10:29:30.590	2009:010:10:34:10.590	57391	-99616	6	6	0	0	96.60	153.53
2009:010:10:34:10.590	2009:010:10:38:50.590	57391	-99616	6	6	0	0	96.60	153.11
2009:010:10:38:50.590	2009:010:10:43:30.590	57391	-99616	6	6	0	0	96.60	152.38
2009:010:10:43:30.590	2009:010:10:48:10.590	57391	-99616	6	6	0	0	96.60	151.59
2009:010:10:48:10.590	2009:010:10:52:50.590	57391	-99616	6	6	0	0	96.60	150.91
2009:010:10:52:50.590	2009:010:10:56:43.696	57391	-99616	6	6	0	0	96.60	150.56
2009:010:10:56:43.696	2009:010:12:41:43.696	57391	-99616	6	6	0	0	96.60	150.50
2009:010:12:41:43.696	2009:010:14:26:43.696	57391	-99616	6	6	0	0	96.60	150.43
2009:010:14:26:43.696	2009:010:16:03:57.219	57391	-99616	6	6	0	0	96.60	150.36
2009:010:16:03:57.219	2009:010:16:04:07.470	57390	-99616	6	6	0	0	96.60	150.36
2009:010:16:04:07.470	2009:010:16:08:47.470	57390	-99616	6	6	0	0	96.60	150.30
2009:010:16:08:47.470	2009:010:16:13:27.470	57390	-99616	6	6	0	0	96.60	150.37
2009:010:16:13:27.470	2009:010:16:18:07.470	57390	-99616	6	6	0	0	96.60	150.72
2009:010:16:18:07.470	2009:010:16:22:47.470	57390	-99616	6	6	0	0	96.60	151.46
2009:010:16:22:47.470	2009:010:16:27:27.470	57390	-99616	6	6	0	0	96.60	152.42
2009:010:16:27:27.470	2009:010:16:32:07.470	57390	-99616	6	6	0	0	96.60	153.46
2009:010:16:32:07.470	2009:010:16:36:47.470	57390	-99616	6	6	0	0	96.60	154.46
2009:010:16:36:47.470	2009:010:16:41:27.470	57390	-99616	6	6	0	0	96.60	155.24
2009:010:16:41:27.470	2009:010:16:45:36.431	57390	-99616	6	6	0	0	96.60	155.58
2009:010:16:45:36.431	2009:010:17:11:02.177	57390	-99616	6	6	0	0	96.60	155.65
2009:010:17:11:02.177	2009:010:17:11:20.177	57390	-99616	6	6	0	0	96.60	155.65
2009:010:17:11:20.177	2009:010:17:12:27.177	57390	-99616	6	6	1	0	118.00	155.65
2009:010:17:12:27.177	2009:010:18:51:56.177	57390	-99616	6	6	1	1	129.00	155.65
2009:010:18:51:56.177	2009:010:18:54:56.177	57390	-99616	6	6	1	0	118.00	155.65
2009:010:18:54:56.177	2009:010:18:55:06.428	09933	75504	6	6	1	0	118.00	155.65
2009:010:18:55:06.428	2009:010:18:57:56.177	09933	75504	6	6	1	0	118.00	155.68
2009:010:18:57:56.177	2009:010:18:58:00.177	09933	75504	6	6	1	0	118.00	155.68
2009:010:18:58:00.177	2009:010:18:58:04.177	09933	75504	6	6	1	0	118.00	155.68
2009:010:18:58:04.177	2009:010:18:58:28.177	09933	75504	0	0	1	0	40.00	155.68
2009:010:18:58:28.177	2009:010:18:59:35.177	09933	75504	1	1	1	0	58.30	155.68
2009:010:18:59:35.177	2009:010:18:59:36.428	09933	75504	1	1	1	1	57.00	155.68
2009:010:18:59:36.428	2009:010:19:04:06.428	09933	75504	1	1	1	1	57.00	152.11
2009:010:19:04:06.428	2009:010:19:08:36.428	09933	75504	1	1	1	1	57.00	139.60
2009:010:19:08:36.428	2009:010:19:13:06.428	09933	75504	1	1	1	1	57.00	120.07
2009:010:19:13:06.428	2009:010:19:17:36.428	09933	75504	1	1	1	1	57.00	101.50
2009:010:19:17:36.428	2009:010:19:21:03.290	09933	75504	1	1	1	1	57.00	91.11
2009:010:19:21:03.290	2009:010:21:31:03.290	09933	75504	1	1	1	1	57.00	89.17
2009:010:21:31:03.290	2009:010:23:35:23.034	09933	75504	1	1	1	1	57.00	89.21
2009:010:23:35:23.034	2009:010:23:35:33.285	09933	-99616	1	1	1	0	58.30	89.21
2009:010:23:35:33.285	2009:010:23:38:23.034	09933	-99616	1	1	1	0	58.30	89.26
2009:010:23:38:23.034	2009:010:23:40:03.285	10771	-99616	1	1	1	0	58.30	89.26
2009:010:23:40:03.285	2009:010:23:44:33.285	10771	-99616	1	1	1	0	58.30	91.10
2009:010:23:44:33.285	2009:010:23:49:03.285	10771	-99616	1	1	1	0	58.30	97.97
2009:010:23:49:03.285	2009:010:23:53:33.285	10771	-99616	1	1	1	0	58.30	109.64
2009:010:23:53:33.285	2009:010:23:53:46.280	10771	-99616	1	1	1	0	58.30	122.13
2009:010:23:53:46.280	2009:010:23:53:50.280	10771	-99616	1	1	1	0	58.30	122.13
2009:010:23:53:50.280	2009:010:23:53:54.280	10771	-99616	1	1	1	0	58.30	122.13
2009:010:23:53:54.280	2009:010:23:54:18.280	10771	-99616	0	0	1	0	40.00	122.13
2009:010:23:54:18.280	2009:010:23:55:25.280	10771	-99616	5	5	1	0	112.30	122.13
2009:010:23:55:25.280	2009:010:23:58:03.285	10771	-99616	5	5	1	1	113.90	122.13
2009:010:23:58:03.285	2009:011:00:02:33.285	10771	-99616	5	5	1	1	113.90	133.17
2009:011:00:02:33.285	2009:011:00:05:47.535	10771	-99616	5	5	1	1	113.90	138.63
2009:011:00:05:47.535	2009:011:02:25:47.535	10771	-99616	5	5	1	1	113.90	139.49
2009:011:02:25:47.535	2009:011:04:45:47.535	10771	-99616	5	5	1	1	113.90	139.58
2009:011:04:45:47.535	2009:011:07:05:47.535	10771	-99616	5	5	1	1	113.90	139.68
2009:011:07:05:47.535	2009:011:09:25:47.535	10771	-99616	5	5	1	1	113.90	139.78
2009:011:09:25:47.535	2009:011:11:45:47.535	10771	-99616	5	5	1	1	113.90	139.87
2009:011:11:45:47.535	2009:011:14:05:47.535	10771	-99616	5	5	1	1	113.90	139.97
2009:011:14:05:47.535	2009:011:16:25:47.535	10771	-99616	5	5	1	1	113.90	140.06
2009:011:16:25:47.535	2009:011:18:45:47.535	10771	-99616	5	5	1	1	113.90	140.16
2009:011:18:45:47.535	2009:011:21:05:47.535	10771	-99616	5	5	1	1	113.90	140.26
2009:011:21:05:47.535	2009:011:23:25:47.535	10771	-99616	5	5	1	1	113.90	140.35
2009:011:23:25:47.535	2009:012:01:06:07.280	10771	-99616	5	5	1	1	113.90	140.45
2009:012:01:06:07.280	2009:012:01:07:07.280	10771	-99616	5	5	1	1	113.90	140.52
2009:012:01:07:07.280	2009:012:01:07:07.280	10771	-99616	5	5	1	0	112.30	140.52
