tstart	tstop	obsid	simpos	feps	ccds	vid	clk	power	pitch
2009:361:23:30:10.251	2009:361:23:34:40.251		-99616	6	6	0	0	96.60	47.92
2009:361:23:34:40.251	2009:361:23:39:10.251		-99616	6	6	0	0	96.60	47.94
2009:361:23:39:10.251	2009:361:23:43:40.251		-99616	6	6	0	0	96.60	48.03
2009:361:23:43:40.251	2009:361:23:48:10.251		-99616	6	6	0	0	96.60	48.20
2009:361:23:48:10.251	2009:361:23:52:40.251		-99616	6	6	0	0	96.60	48.39
2009:361:23:52:40.251	2009:361:23:57:10.251		-99616	6	6	0	0	96.60	48.59
2009:361:23:57:10.251	2009:362:00:01:40.251		-99616	6	6	0	0	96.60	48.75
2009:362:00:01:40.251	2009:362:00:05:03.328		-99616	6	6	0	0	96.60	48.82
2009:362:00:05:03.328	2009:362:02:00:03.328		-99616	6	6	0	0	96.60	48.83
2009:362:02:00:03.328	2009:362:03:55:03.328		-99616	6	6	0	0	96.60	48.80
2009:362:03:55:03.328	2009:362:05:50:03.328		-99616	6	6	0	0	96.60	48.77
2009:362:05:50:03.328	2009:362:07:36:44.813		-99616	6	6	0	0	96.60	48.75
2009:362:07:36:44.813	2009:362:07:36:55.064	56558	-99616	6	6	0	0	96.60	48.75
2009:362:07:36:55.064	2009:362:07:41:35.064	56558	-99616	6	6	0	0	96.60	48.72
2009:362:07:41:35.064	2009:362:07:46:15.064	56558	-99616	6	6	0	0	96.60	48.68
2009:362:07:46:15.064	2009:362:07:50:55.064	56558	-99616	6	6	0	0	96.60	48.53
2009:362:07:50:55.064	2009:362:07:55:35.064	56558	-99616	6	6	0	0	96.60	48.31
2009:362:07:55:35.064	2009:362:08:00:15.064	56558	-99616	6	6	0	0	96.60	48.12
2009:362:08:00:15.064	2009:362:08:04:37.892	56558	-99616	6	6	0	0	96.60	48.03
2009:362:08:04:37.892	2009:362:08:08:56.637	56558	-99616	6	6	0	0	96.60	48.01
2009:362:08:08:56.637	2009:362:08:09:00.637	56558	-99616	6	6	0	0	96.60	48.01
2009:362:08:09:00.637	2009:362:08:09:04.637	56558	-99616	6	6	0	0	96.60	48.01
2009:362:08:09:04.637	2009:362:08:09:28.637	56558	-99616	0	0	1	0	40.00	48.01
2009:362:08:09:28.637	2009:362:08:10:35.637	56558	-99616	6	6	1	0	118.00	48.01
2009:362:08:10:35.637	2009:362:10:26:09.448	56558	-99616	6	6	1	1	129.00	48.01
2009:362:10:26:09.448	2009:362:10:30:59.448	56558	-99616	6	6	1	1	129.00	47.91
2009:362:10:30:59.448	2009:362:10:35:49.448	56558	-99616	6	6	1	1	129.00	52.14
2009:362:10:35:49.448	2009:362:10:40:39.448	56558	-99616	6	6	1	1	129.00	66.78
2009:362:10:40:39.448	2009:362:10:45:29.448	56558	-99616	6	6	1	1	129.00	88.31
2009:362:10:45:29.448	2009:362:10:50:19.448	56558	-99616	6	6	1	1	129.00	110.03
2009:362:10:50:19.448	2009:362:10:52:36.637	56558	-99616	6	6	1	1	129.00	131.75
2009:362:10:52:36.637	2009:362:10:55:09.448	56558	-99616	6	6	1	0	118.00	131.75
2009:362:10:55:09.448	2009:362:10:55:36.637	56558	-99616	6	6	1	0	118.00	152.79
2009:362:10:55:36.637	2009:362:10:58:36.637	12066	73176	6	6	1	0	118.00	152.79
2009:362:10:58:36.637	2009:362:10:58:40.637	12066	73176	6	6	1	0	118.00	152.79
2009:362:10:58:40.637	2009:362:10:58:44.637	12066	73176	6	6	1	0	118.00	152.79
2009:362:10:58:44.637	2009:362:10:59:08.637	12066	73176	0	0	1	0	40.00	152.79
2009:362:10:59:08.637	2009:362:10:59:59.448	12066	73176	6	6	1	0	118.00	152.79
2009:362:10:59:59.448	2009:362:11:00:19.637	12066	73176	6	6	1	0	118.00	165.50
2009:362:11:00:19.637	2009:362:11:03:56.126	12066	73176	6	6	1	1	129.00	165.50
2009:362:11:03:56.126	2009:362:12:23:56.126	12066	73176	6	6	1	1	129.00	168.18
2009:362:12:23:56.126	2009:362:13:34:55.872	12066	73176	6	6	1	1	129.00	168.12
2009:362:13:34:55.872	2009:362:13:35:06.123	12066	75624	6	6	1	0	118.00	168.12
2009:362:13:35:06.123	2009:362:13:37:55.872	12066	75624	6	6	1	0	118.00	168.07
2009:362:13:37:55.872	2009:362:13:39:56.123	11358	75624	6	6	1	0	118.00	168.07
2009:362:13:39:56.123	2009:362:13:42:46.472	11358	75624	6	6	1	0	118.00	164.56
2009:362:13:42:46.472	2009:362:13:42:50.472	11358	75624	6	6	1	0	118.00	164.56
2009:362:13:42:50.472	2009:362:13:42:54.472	11358	75624	6	6	1	0	118.00	164.56
2009:362:13:42:54.472	2009:362:13:43:18.472	11358	75624	0	0	1	0	40.00	164.56
2009:362:13:43:18.472	2009:362:13:44:25.472	11358	75624	6	6	1	0	118.00	164.56
2009:362:13:44:25.472	2009:362:13:44:46.123	11358	75624	6	6	1	1	129.00	164.56
2009:362:13:44:46.123	2009:362:13:49:36.123	11358	75624	6	6	1	1	129.00	152.13
2009:362:13:49:36.123	2009:362:13:54:26.123	11358	75624	6	6	1	1	129.00	134.21
2009:362:13:54:26.123	2009:362:13:58:44.953	11358	75624	6	6	1	1	129.00	122.92
2009:362:13:58:44.953	2009:362:14:54:17.472	11358	75624	6	6	1	1	129.00	120.21
2009:362:14:54:17.472	2009:362:14:54:27.723	11358	92904	6	6	1	0	118.00	120.21
2009:362:14:54:27.723	2009:362:14:57:17.472	11358	92904	6	6	1	0	118.00	120.18
2009:362:14:57:17.472	2009:362:14:57:21.472	11956	92904	6	6	1	0	118.00	120.18
2009:362:14:57:21.472	2009:362:14:57:25.472	11956	92904	6	6	1	0	118.00	120.18
2009:362:14:57:25.472	2009:362:14:57:49.472	11956	92904	0	0	1	0	40.00	120.18
2009:362:14:57:49.472	2009:362:14:58:56.472	11956	92904	1	1	1	0	58.30	120.18
2009:362:14:58:56.472	2009:362:14:59:07.723	11956	92904	1	1	1	1	57.00	120.18
2009:362:14:59:07.723	2009:362:15:03:47.723	11956	92904	1	1	1	1	57.00	117.71
2009:362:15:03:47.723	2009:362:15:08:27.723	11956	92904	1	1	1	1	57.00	108.69
2009:362:15:08:27.723	2009:362:15:13:07.723	11956	92904	1	1	1	1	57.00	94.32
2009:362:15:13:07.723	2009:362:15:17:47.723	11956	92904	1	1	1	1	57.00	80.34
2009:362:15:17:47.723	2009:362:15:21:50.648	11956	92904	1	1	1	1	57.00	72.27
2009:362:15:21:50.648	2009:362:17:16:50.648	11956	92904	1	1	1	1	57.00	70.48
2009:362:17:16:50.648	2009:362:19:11:50.648	11956	92904	1	1	1	1	57.00	70.46
2009:362:19:11:50.648	2009:362:20:59:30.393	11956	92904	1	1	1	1	57.00	70.44
2009:362:20:59:30.393	2009:362:20:59:40.644	11956	71784	1	1	1	0	58.30	70.44
2009:362:20:59:40.644	2009:362:21:02:30.393	11956	71784	1	1	1	0	58.30	70.42
2009:362:21:02:30.393	2009:362:21:02:34.393	10937	71784	1	1	1	0	58.30	70.42
2009:362:21:02:34.393	2009:362:21:02:38.393	10937	71784	1	1	1	0	58.30	70.42
2009:362:21:02:38.393	2009:362:21:03:02.393	10937	71784	0	0	1	0	40.00	70.42
2009:362:21:03:02.393	2009:362:21:04:00.644	10937	71784	1	1	1	0	58.30	70.42
2009:362:21:04:00.644	2009:362:21:04:09.393	10937	71784	1	1	1	0	58.30	69.61
2009:362:21:04:09.393	2009:362:21:08:20.644	10937	71784	1	1	1	1	57.00	69.61
2009:362:21:08:20.644	2009:362:21:12:40.644	10937	71784	1	1	1	1	57.00	66.63
2009:362:21:12:40.644	2009:362:21:17:00.644	10937	71784	1	1	1	1	57.00	62.00
2009:362:21:17:00.644	2009:362:21:21:05.540	10937	71784	1	1	1	1	57.00	59.12
2009:362:21:21:05.540	2009:362:23:16:05.540	10937	71784	1	1	1	1	57.00	58.40
2009:362:23:16:05.540	2009:363:01:11:05.540	10937	71784	1	1	1	1	57.00	58.44
2009:363:01:11:05.540	2009:363:02:58:45.283	10937	71784	1	1	1	1	57.00	58.48
2009:363:02:58:45.283	2009:363:02:58:55.534	10937	75624	1	1	1	0	58.30	58.48
2009:363:02:58:55.534	2009:363:03:01:45.283	10937	75624	1	1	1	0	58.30	58.52
2009:363:03:01:45.283	2009:363:03:01:49.283	11491	75624	1	1	1	0	58.30	58.52
2009:363:03:01:49.283	2009:363:03:01:53.283	11491	75624	1	1	1	0	58.30	58.52
2009:363:03:01:53.283	2009:363:03:02:17.283	11491	75624	0	0	1	0	40.00	58.52
2009:363:03:02:17.283	2009:363:03:03:24.283	11491	75624	6	6	1	0	118.00	58.52
2009:363:03:03:24.283	2009:363:03:03:35.534	11491	75624	6	6	1	1	129.00	58.52
2009:363:03:03:35.534	2009:363:03:08:15.534	11491	75624	6	6	1	1	129.00	61.76
2009:363:03:08:15.534	2009:363:03:12:55.534	11491	75624	6	6	1	1	129.00	73.45
2009:363:03:12:55.534	2009:363:03:17:35.534	11491	75624	6	6	1	1	129.00	91.87
2009:363:03:17:35.534	2009:363:03:22:15.534	11491	75624	6	6	1	1	129.00	110.94
2009:363:03:22:15.534	2009:363:03:26:55.534	11491	75624	6	6	1	1	129.00	128.77
2009:363:03:26:55.534	2009:363:03:30:24.898	11491	75624	6	6	1	1	129.00	138.60
2009:363:03:30:24.898	2009:363:05:15:24.898	11491	75624	6	6	1	1	129.00	140.34
2009:363:05:15:24.898	2009:363:06:46:24.643	11491	75624	6	6	1	1	129.00	140.42
2009:363:06:46:24.643	2009:363:06:46:34.894	11491	75624	6	6	1	0	118.00	140.42
2009:363:06:46:34.894	2009:363:06:49:24.643	11491	75624	6	6	1	0	118.00	140.48
2009:363:06:49:24.643	2009:363:06:49:28.643	11000	75624	6	6	1	0	118.00	140.48
2009:363:06:49:28.643	2009:363:06:49:32.643	11000	75624	6	6	1	0	118.00	140.48
2009:363:06:49:32.643	2009:363:06:49:56.643	11000	75624	0	0	1	0	40.00	140.48
2009:363:06:49:56.643	2009:363:06:51:03.643	11000	75624	6	6	1	0	118.00	140.48
2009:363:06:51:03.643	2009:363:06:51:14.894	11000	75624	6	6	1	1	129.00	140.48
2009:363:06:51:14.894	2009:363:06:55:54.894	11000	75624	6	6	1	1	129.00	140.51
2009:363:06:55:54.894	2009:363:07:00:34.894	11000	75624	6	6	1	1	129.00	140.80
2009:363:07:00:34.894	2009:363:07:05:14.894	11000	75624	6	6	1	1	129.00	141.86
2009:363:07:05:14.894	2009:363:07:09:54.894	11000	75624	6	6	1	1	129.00	143.58
2009:363:07:09:54.894	2009:363:07:14:34.894	11000	75624	6	6	1	1	129.00	145.81
2009:363:07:14:34.894	2009:363:07:19:14.894	11000	75624	6	6	1	1	129.00	148.30
2009:363:07:19:14.894	2009:363:07:23:54.894	11000	75624	6	6	1	1	129.00	150.76
2009:363:07:23:54.894	2009:363:07:28:34.894	11000	75624	6	6	1	1	129.00	152.82
2009:363:07:28:34.894	2009:363:07:33:14.894	11000	75624	6	6	1	1	129.00	154.07
2009:363:07:33:14.894	2009:363:07:37:32.125	11000	75624	6	6	1	1	129.00	154.35
2009:363:07:37:32.125	2009:363:09:07:32.125	11000	75624	6	6	1	1	129.00	154.35
2009:363:09:07:32.125	2009:363:10:28:31.873	11000	75624	6	6	1	1	129.00	154.29
2009:363:10:28:31.873	2009:363:10:28:42.124	11000	75624	6	6	1	0	118.00	154.29
2009:363:10:28:42.124	2009:363:10:31:31.873	11000	75624	6	6	1	0	118.00	154.24
2009:363:10:31:31.873	2009:363:10:31:35.873	11016	75624	6	6	1	0	118.00	154.24
2009:363:10:31:35.873	2009:363:10:31:39.873	11016	75624	6	6	1	0	118.00	154.24
2009:363:10:31:39.873	2009:363:10:32:03.873	11016	75624	0	0	1	0	40.00	154.24
2009:363:10:32:03.873	2009:363:10:33:10.873	11016	75624	6	6	1	0	118.00	154.24
2009:363:10:33:10.873	2009:363:10:33:32.124	11016	75624	6	6	1	1	129.00	154.24
2009:363:10:33:32.124	2009:363:10:38:22.124	11016	75624	6	6	1	1	129.00	153.60
2009:363:10:38:22.124	2009:363:10:42:40.173	11016	75624	6	6	1	1	129.00	151.67
2009:363:10:42:40.173	2009:363:13:07:40.173	11016	75624	6	6	1	1	129.00	151.06
2009:363:13:07:40.173	2009:363:15:32:40.173	11016	75624	6	6	1	1	129.00	150.96
2009:363:15:32:40.173	2009:363:17:57:40.173	11016	75624	6	6	1	1	129.00	150.86
2009:363:17:57:40.173	2009:363:20:22:40.173	11016	75624	6	6	1	1	129.00	150.76
2009:363:20:22:40.173	2009:363:22:47:40.173	11016	75624	6	6	1	1	129.00	150.66
2009:363:22:47:40.173	2009:364:01:12:40.173	11016	75624	6	6	1	1	129.00	150.55
2009:364:01:12:40.173	2009:364:03:37:40.173	11016	75624	6	6	1	1	129.00	150.45
2009:364:03:37:40.173	2009:364:05:18:02.873	11016	75624	6	6	1	1	129.00	150.35
2009:364:05:18:02.873	2009:364:05:18:13.124	11016	75624	6	6	1	0	118.00	150.35
2009:364:05:18:13.124	2009:364:05:21:02.873	11016	75624	6	6	1	0	118.00	150.28
2009:364:05:21:02.873	2009:364:05:21:06.873	11354	75624	6	6	1	0	118.00	150.28
2009:364:05:21:06.873	2009:364:05:21:10.873	11354	75624	6	6	1	0	118.00	150.28
2009:364:05:21:10.873	2009:364:05:21:34.873	11354	75624	0	0	1	0	40.00	150.28
2009:364:05:21:34.873	2009:364:05:22:41.873	11354	75624	6	6	1	0	118.00	150.28
2009:364:05:22:41.873	2009:364:05:23:03.124	11354	75624	6	6	1	1	129.00	150.28
2009:364:05:23:03.124	2009:364:05:27:53.124	11354	75624	6	6	1	1	129.00	146.21
2009:364:05:27:53.124	2009:364:05:32:43.124	11354	75624	6	6	1	1	129.00	132.02
2009:364:05:32:43.124	2009:364:05:37:33.124	11354	75624	6	6	1	1	129.00	111.06
2009:364:05:37:33.124	2009:364:05:42:23.124	11354	75624	6	6	1	1	129.00	90.76
2009:364:05:42:23.124	2009:364:05:46:10.541	11354	75624	6	6	1	1	129.00	78.82
2009:364:05:46:10.541	2009:364:07:38:50.285	11354	75624	6	6	1	1	129.00	76.47
2009:364:07:38:50.285	2009:364:07:39:00.536	11354	75624	6	6	1	0	118.00	76.47
2009:364:07:39:00.536	2009:364:07:41:50.285	11354	75624	6	6	1	0	118.00	76.40
2009:364:07:41:50.285	2009:364:07:41:54.285	11957	75624	6	6	1	0	118.00	76.40
2009:364:07:41:54.285	2009:364:07:41:58.285	11957	75624	6	6	1	0	118.00	76.40
2009:364:07:41:58.285	2009:364:07:42:22.285	11957	75624	0	0	1	0	40.00	76.40
2009:364:07:42:22.285	2009:364:07:43:20.536	11957	75624	1	1	1	0	58.30	76.40
2009:364:07:43:20.536	2009:364:07:43:29.285	11957	75624	1	1	1	0	58.30	75.96
2009:364:07:43:29.285	2009:364:07:47:40.536	11957	75624	1	1	1	1	57.00	75.96
2009:364:07:47:40.536	2009:364:07:52:00.536	11957	75624	1	1	1	1	57.00	74.37
2009:364:07:52:00.536	2009:364:07:56:20.536	11957	75624	1	1	1	1	57.00	71.91
2009:364:07:56:20.536	2009:364:08:00:22.117	11957	75624	1	1	1	1	57.00	70.40
2009:364:08:00:22.117	2009:364:09:55:22.117	11957	75624	1	1	1	1	57.00	70.03
2009:364:09:55:22.117	2009:364:11:50:22.117	11957	75624	1	1	1	1	57.00	70.01
2009:364:11:50:22.117	2009:364:13:25:05.755	11957	75624	1	1	1	1	57.00	69.99
2009:364:13:25:05.755	2009:364:13:26:52.440	11957	-99616	1	1	1	0	58.30	69.99
2009:364:13:26:52.440	2009:364:13:28:05.755	11957	-99616	1	1	1	0	58.30	69.97
2009:364:13:28:05.755	2009:364:13:30:42.189	56557	-99616	1	1	1	0	58.30	69.97
2009:364:13:30:42.189	2009:364:13:30:46.189	56557	-99616	1	1	1	0	58.30	69.97
2009:364:13:30:46.189	2009:364:13:30:50.189	56557	-99616	1	1	1	0	58.30	69.97
2009:364:13:30:50.189	2009:364:13:30:52.445	56557	-99616	0	0	1	0	40.00	69.97
2009:364:13:30:52.445	2009:364:13:31:14.189	56557	-99616	0	0	1	0	40.00	69.97
2009:364:13:31:14.189	2009:364:13:32:21.189	56557	-99616	6	6	1	0	118.00	69.97
2009:364:13:32:21.189	2009:364:13:35:12.189	56557	-99616	6	6	1	1	129.00	69.97
2009:364:13:35:12.189	2009:364:13:35:22.440	56556	-99616	6	6	1	1	129.00	69.97
2009:364:13:35:22.440	2009:364:13:39:12.440	56556	-99616	6	6	1	1	129.00	69.97
2009:364:13:39:12.440	2009:364:13:43:02.440	56556	-99616	6	6	1	1	129.00	67.46
2009:364:13:43:02.440	2009:364:13:46:52.440	56556	-99616	6	6	1	1	129.00	58.57
2009:364:13:46:52.440	2009:364:13:50:15.555	56556	-99616	6	6	1	1	129.00	50.36
2009:364:13:50:15.555	2009:364:14:50:11.396	56556	-99616	6	6	1	1	129.00	48.47
2009:364:14:50:11.396	2009:364:14:53:11.396	56556	-99616	6	6	1	0	118.00	48.47
2009:364:14:53:11.396	2009:364:14:53:21.647	56555	-99616	6	6	1	0	118.00	48.47
2009:364:14:53:21.647	2009:364:14:54:02.189	56555	-99616	6	6	1	0	118.00	48.46
2009:364:14:54:02.189	2009:364:14:54:11.189	56555	-99616	6	6	1	0	118.00	48.46
2009:364:14:54:11.189	2009:364:14:57:21.652	56555	-99616	6	6	0	0	96.60	48.46
2009:364:14:57:21.652	2009:364:17:02:21.652	56555	-99616	6	6	0	0	96.60	47.97
2009:364:17:02:21.652	2009:364:19:07:21.652	56555	-99616	6	6	0	0	96.60	47.94
2009:364:19:07:21.652	2009:364:21:12:21.652	56555	-99616	6	6	0	0	96.60	47.92
2009:364:21:12:21.652	2009:364:23:03:38.583	56555	-99616	6	6	0	0	96.60	47.89
2009:364:23:03:38.583	2009:364:23:03:48.834	56554	-99616	6	6	0	0	96.60	47.89
2009:364:23:03:48.834	2009:364:23:08:28.834	56554	-99616	6	6	0	0	96.60	47.87
2009:364:23:08:28.834	2009:364:23:13:08.834	56554	-99616	6	6	0	0	96.60	47.93
2009:364:23:13:08.834	2009:364:23:17:48.834	56554	-99616	6	6	0	0	96.60	48.17
2009:364:23:17:48.834	2009:364:23:22:28.834	56554	-99616	6	6	0	0	96.60	48.61
2009:364:23:22:28.834	2009:364:23:27:08.834	56554	-99616	6	6	0	0	96.60	49.07
2009:364:23:27:08.834	2009:364:23:31:34.445	56554	-99616	6	6	0	0	96.60	49.36
2009:364:23:31:34.445	2009:364:23:35:53.189	56554	-99616	6	6	0	0	96.60	49.43
2009:364:23:35:53.189	2009:364:23:35:57.189	56554	-99616	6	6	0	0	96.60	49.43
2009:364:23:35:57.189	2009:364:23:36:01.189	56554	-99616	6	6	0	0	96.60	49.43
2009:364:23:36:01.189	2009:364:23:36:25.189	56554	-99616	0	0	1	0	40.00	49.43
2009:364:23:36:25.189	2009:364:23:37:32.189	56554	-99616	6	6	1	0	118.00	49.43
2009:364:23:37:32.189	2009:365:01:36:30.633	56554	-99616	6	6	1	1	129.00	49.43
2009:365:01:36:30.633	2009:365:01:41:10.633	56554	-99616	6	6	1	1	129.00	49.34
2009:365:01:41:10.633	2009:365:01:45:50.633	56554	-99616	6	6	1	1	129.00	53.24
2009:365:01:45:50.633	2009:365:01:50:30.633	56554	-99616	6	6	1	1	129.00	66.82
2009:365:01:50:30.633	2009:365:01:55:10.633	56554	-99616	6	6	1	1	129.00	87.44
2009:365:01:55:10.633	2009:365:01:59:50.633	56554	-99616	6	6	1	1	129.00	108.39
2009:365:01:59:50.633	2009:365:02:04:30.633	56554	-99616	6	6	1	1	129.00	129.35
2009:365:02:04:30.633	2009:365:02:04:41.189	56554	-99616	6	6	1	1	129.00	149.72
2009:365:02:04:41.189	2009:365:02:07:41.189	56554	-99616	6	6	1	0	118.00	149.72
2009:365:02:07:41.189	2009:365:02:09:10.633	12067	73176	6	6	1	0	118.00	149.72
2009:365:02:09:10.633	2009:365:02:10:41.189	12067	73176	6	6	1	0	118.00	162.43
2009:365:02:10:41.189	2009:365:02:10:45.189	12067	73176	6	6	1	0	118.00	162.43
2009:365:02:10:45.189	2009:365:02:10:49.189	12067	73176	6	6	1	0	118.00	162.43
2009:365:02:10:49.189	2009:365:02:11:13.189	12067	73176	0	0	1	0	40.00	162.43
2009:365:02:11:13.189	2009:365:02:12:16.189	12067	73176	6	6	1	0	118.00	162.43
2009:365:02:12:16.189	2009:365:02:13:24.519	12067	73176	6	6	1	1	129.00	162.43
2009:365:02:13:24.519	2009:365:03:53:24.519	12067	73176	6	6	1	1	129.00	165.57
2009:365:03:53:24.519	2009:365:05:22:57.189	12067	73176	6	6	1	1	129.00	165.50
2009:365:05:22:57.189	2009:365:05:23:07.440	12067	75624	6	6	1	0	118.00	165.50
2009:365:05:23:07.440	2009:365:05:25:57.189	12067	75624	6	6	1	0	118.00	165.44
2009:365:05:25:57.189	2009:365:05:27:47.440	10991	75624	6	6	1	0	118.00	165.44
2009:365:05:27:47.440	2009:365:05:30:47.789	10991	75624	6	6	1	0	118.00	161.52
2009:365:05:30:47.789	2009:365:05:30:51.789	10991	75624	6	6	1	0	118.00	161.52
2009:365:05:30:51.789	2009:365:05:30:55.789	10991	75624	6	6	1	0	118.00	161.52
2009:365:05:30:55.789	2009:365:05:31:19.789	10991	75624	0	0	1	0	40.00	161.52
2009:365:05:31:19.789	2009:365:05:32:26.789	10991	75624	1	1	1	0	58.30	161.52
2009:365:05:32:26.789	2009:365:05:32:27.440	10991	75624	1	1	1	1	57.00	161.52
2009:365:05:32:27.440	2009:365:05:36:32.217	10991	75624	1	1	1	1	57.00	151.14
2009:365:05:36:32.217	2009:365:08:01:32.217	10991	75624	1	1	1	1	57.00	148.24
2009:365:08:01:32.217	2009:365:10:26:32.217	10991	75624	1	1	1	1	57.00	148.14
2009:365:10:26:32.217	2009:365:12:51:32.217	10991	75624	1	1	1	1	57.00	148.04
2009:365:12:51:32.217	2009:365:15:16:32.217	10991	75624	1	1	1	1	57.00	147.94
2009:365:15:16:32.217	2009:365:17:41:32.217	10991	75624	1	1	1	1	57.00	147.84
2009:365:17:41:32.217	2009:365:20:06:32.217	10991	75624	1	1	1	1	57.00	147.74
2009:365:20:06:32.217	2009:365:21:59:05.789	10991	75624	1	1	1	1	57.00	147.64
2009:365:21:59:05.789	2009:365:21:59:16.040	10991	75624	1	1	1	0	58.30	147.64
2009:365:21:59:16.040	2009:365:22:02:05.789	10991	75624	1	1	1	0	58.30	147.56
2009:365:22:02:05.789	2009:365:22:02:09.789	11534	75624	1	1	1	0	58.30	147.56
2009:365:22:02:09.789	2009:365:22:02:13.789	11534	75624	1	1	1	0	58.30	147.56
2009:365:22:02:13.789	2009:365:22:02:37.789	11534	75624	0	0	1	0	40.00	147.56
2009:365:22:02:37.789	2009:365:22:03:44.789	11534	75624	5	5	1	0	112.30	147.56
2009:365:22:03:44.789	2009:365:22:04:16.040	11534	75624	5	5	1	1	113.90	147.56
2009:365:22:04:16.040	2009:365:22:09:16.040	11534	75624	5	5	1	1	113.90	142.99
2009:365:22:09:16.040	2009:365:22:14:16.040	11534	75624	5	5	1	1	113.90	127.23
2009:365:22:14:16.040	2009:365:22:19:16.040	11534	75624	5	5	1	1	113.90	104.80
2009:365:22:19:16.040	2009:365:22:24:16.040	11534	75624	5	5	1	1	113.90	82.45
2009:365:22:24:16.040	2009:365:22:29:00.417	11534	75624	5	5	1	1	113.90	67.28
2009:365:22:29:00.417	2010:001:00:34:00.417	11534	75624	5	5	1	1	113.90	63.22
2010:001:00:34:00.417	2010:001:02:39:00.417	11534	75624	5	5	1	1	113.90	63.13
2010:001:02:39:00.417	2010:001:04:44:00.417	11534	75624	5	5	1	1	113.90	63.05
2010:001:04:44:00.417	2010:001:06:36:40.161	11534	75624	5	5	1	1	113.90	62.96
2010:001:06:36:40.161	2010:001:06:36:50.412	11534	75624	5	5	1	0	112.30	62.96
2010:001:06:36:50.412	2010:001:06:39:40.161	11534	75624	5	5	1	0	112.30	62.88
2010:001:06:39:40.161	2010:001:06:39:44.161	11496	75624	5	5	1	0	112.30	62.88
2010:001:06:39:44.161	2010:001:06:39:48.161	11496	75624	5	5	1	0	112.30	62.88
2010:001:06:39:48.161	2010:001:06:40:12.161	11496	75624	0	0	1	0	40.00	62.88
2010:001:06:40:12.161	2010:001:06:41:19.161	11496	75624	6	6	1	0	118.00	62.88
2010:001:06:41:19.161	2010:001:06:41:50.412	11496	75624	6	6	1	1	129.00	62.88
2010:001:06:41:50.412	2010:001:06:46:50.412	11496	75624	6	6	1	1	129.00	62.55
2010:001:06:46:50.412	2010:001:06:51:50.412	11496	75624	6	6	1	1	129.00	61.08
2010:001:06:51:50.412	2010:001:06:56:50.412	11496	75624	6	6	1	1	129.00	58.28
2010:001:06:56:50.412	2010:001:07:01:50.412	11496	75624	6	6	1	1	129.00	54.96
2010:001:07:01:50.412	2010:001:07:06:50.412	11496	75624	6	6	1	1	129.00	51.58
2010:001:07:06:50.412	2010:001:07:11:50.412	11496	75624	6	6	1	1	129.00	48.72
2010:001:07:11:50.412	2010:001:07:16:22.771	11496	75624	6	6	1	1	129.00	47.34
2010:001:07:16:22.771	2010:001:09:27:22.517	11496	75624	6	6	1	1	129.00	47.07
2010:001:09:27:22.517	2010:001:09:27:32.768	11496	75624	6	6	1	0	118.00	47.07
2010:001:09:27:32.768	2010:001:09:30:22.517	11496	75624	6	6	1	0	118.00	47.15
2010:001:09:30:22.517	2010:001:09:32:22.768	11777	75624	6	6	1	0	118.00	47.15
2010:001:09:32:22.768	2010:001:09:37:12.768	11777	75624	6	6	1	0	118.00	51.38
2010:001:09:37:12.768	2010:001:09:42:02.768	11777	75624	6	6	1	0	118.00	66.04
2010:001:09:42:02.768	2010:001:09:46:52.768	11777	75624	6	6	1	0	118.00	87.59
2010:001:09:46:52.768	2010:001:09:51:42.768	11777	75624	6	6	1	0	118.00	109.32
2010:001:09:51:42.768	2010:001:09:56:32.768	11777	75624	6	6	1	0	118.00	130.43
2010:001:09:56:32.768	2010:001:10:00:34.627	11777	75624	6	6	1	0	118.00	143.35
2010:001:10:00:34.627	2010:001:10:04:54.372	11777	75624	6	6	1	0	118.00	146.17
2010:001:10:04:54.372	2010:001:10:05:12.372	11777	75624	6	6	0	0	96.60	146.17
2010:001:10:05:12.372	2010:001:10:06:46.372	11777	75624	6	6	1	0	118.00	146.17
2010:001:10:06:46.372	2010:001:12:10:34.627	11777	75624	6	6	1	1	129.00	146.17
2010:001:12:10:34.627	2010:001:14:20:34.627	11777	75624	6	6	1	1	129.00	146.24
2010:001:14:20:34.627	2010:001:16:30:34.627	11777	75624	6	6	1	1	129.00	146.32
2010:001:16:30:34.627	2010:001:18:21:34.372	11777	75624	6	6	1	1	129.00	146.40
2010:001:18:21:34.372	2010:001:18:21:44.623	11777	75624	6	6	1	0	118.00	146.40
2010:001:18:21:44.623	2010:001:18:24:34.372	11777	75624	6	6	1	0	118.00	146.46
2010:001:18:24:34.372	2010:001:18:24:38.372	11478	75624	6	6	1	0	118.00	146.46
2010:001:18:24:38.372	2010:001:18:24:42.372	11478	75624	6	6	1	0	118.00	146.46
2010:001:18:24:42.372	2010:001:18:25:06.372	11478	75624	0	0	1	0	40.00	146.46
2010:001:18:25:06.372	2010:001:18:26:13.372	11478	75624	1	1	1	0	58.30	146.46
2010:001:18:26:13.372	2010:001:18:26:24.623	11478	75624	1	1	1	1	57.00	146.46
2010:001:18:26:24.623	2010:001:18:31:04.623	11478	75624	1	1	1	1	57.00	142.54
2010:001:18:31:04.623	2010:001:18:35:44.623	11478	75624	1	1	1	1	57.00	128.92
2010:001:18:35:44.623	2010:001:18:40:24.623	11478	75624	1	1	1	1	57.00	108.28
2010:001:18:40:24.623	2010:001:18:45:04.623	11478	75624	1	1	1	1	57.00	87.33
2010:001:18:45:04.623	2010:001:18:49:44.623	11478	75624	1	1	1	1	57.00	67.16
2010:001:18:49:44.623	2010:001:18:53:45.650	11478	75624	1	1	1	1	57.00	54.93
2010:001:18:53:45.650	2010:001:19:31:25.395	11478	75624	1	1	1	1	57.00	52.15
2010:001:19:31:25.395	2010:001:19:31:35.646	11478	92904	1	1	1	0	58.30	52.15
2010:001:19:31:35.646	2010:001:19:34:25.395	11478	92904	1	1	1	0	58.30	52.17
2010:001:19:34:25.395	2010:001:19:34:29.395	11277	92904	1	1	1	0	58.30	52.17
2010:001:19:34:29.395	2010:001:19:34:33.395	11277	92904	1	1	1	0	58.30	52.17
2010:001:19:34:33.395	2010:001:19:34:57.395	11277	92904	0	0	1	0	40.00	52.17
2010:001:19:34:57.395	2010:001:19:36:04.395	11277	92904	6	6	1	0	118.00	52.17
2010:001:19:36:04.395	2010:001:19:36:35.646	11277	92904	6	6	1	1	129.00	52.17
2010:001:19:36:35.646	2010:001:19:41:35.646	11277	92904	6	6	1	1	129.00	53.44
2010:001:19:41:35.646	2010:001:19:46:35.646	11277	92904	6	6	1	1	129.00	58.99
2010:001:19:46:35.646	2010:001:19:51:35.646	11277	92904	6	6	1	1	129.00	69.01
2010:001:19:51:35.646	2010:001:19:56:35.646	11277	92904	6	6	1	1	129.00	80.04
2010:001:19:56:35.646	2010:001:20:01:35.646	11277	92904	6	6	1	1	129.00	90.71
2010:001:20:01:35.646	2010:001:20:06:35.646	11277	92904	6	6	1	1	129.00	99.42
2010:001:20:06:35.646	2010:001:20:10:06.487	11277	92904	6	6	1	1	129.00	103.32
2010:001:20:10:06.487	2010:001:21:37:46.233	11277	92904	6	6	1	1	129.00	103.87
2010:001:21:37:46.233	2010:001:21:37:56.484	11277	92904	6	6	1	0	118.00	103.87
2010:001:21:37:56.484	2010:001:21:40:46.233	11277	92904	6	6	1	0	118.00	103.82
2010:001:21:40:46.233	2010:001:21:40:50.233	11071	92904	6	6	1	0	118.00	103.82
2010:001:21:40:50.233	2010:001:21:40:54.233	11071	92904	6	6	1	0	118.00	103.82
2010:001:21:40:54.233	2010:001:21:41:18.233	11071	92904	0	0	1	0	40.00	103.82
2010:001:21:41:18.233	2010:001:21:42:06.484	11071	92904	6	6	1	0	118.00	103.82
2010:001:21:42:06.484	2010:001:21:42:25.233	11071	92904	6	6	1	0	118.00	101.20
2010:001:21:42:25.233	2010:001:21:46:16.484	11071	92904	6	6	1	1	129.00	101.20
2010:001:21:46:16.484	2010:001:21:50:26.484	11071	92904	6	6	1	1	129.00	91.81
2010:001:21:50:26.484	2010:001:21:54:36.484	11071	92904	6	6	1	1	129.00	77.60
2010:001:21:54:36.484	2010:001:21:58:17.932	11071	92904	6	6	1	1	129.00	68.76
2010:001:21:58:17.932	2010:001:22:23:57.233	11071	92904	6	6	1	1	129.00	66.69
2010:001:22:23:57.233	2010:001:22:24:07.484	11071	75624	6	6	1	0	118.00	66.69
2010:001:22:24:07.484	2010:001:22:26:57.233	11071	75624	6	6	1	0	118.00	66.68
2010:001:22:26:57.233	2010:001:22:27:01.233	11384	75624	6	6	1	0	118.00	66.68
2010:001:22:27:01.233	2010:001:22:27:05.233	11384	75624	6	6	1	0	118.00	66.68
2010:001:22:27:05.233	2010:001:22:27:29.233	11384	75624	0	0	1	0	40.00	66.68
2010:001:22:27:29.233	2010:001:22:28:36.233	11384	75624	6	6	1	0	118.00	66.68
2010:001:22:28:36.233	2010:001:22:29:07.484	11384	75624	6	6	1	1	129.00	66.68
2010:001:22:29:07.484	2010:001:22:34:07.484	11384	75624	6	6	1	1	129.00	66.43
2010:001:22:34:07.484	2010:001:22:39:07.484	11384	75624	6	6	1	1	129.00	65.41
2010:001:22:39:07.484	2010:001:22:44:07.484	11384	75624	6	6	1	1	129.00	63.66
2010:001:22:44:07.484	2010:001:22:49:07.484	11384	75624	6	6	1	1	129.00	61.77
2010:001:22:49:07.484	2010:001:22:54:07.484	11384	75624	6	6	1	1	129.00	60.06
2010:001:22:54:07.484	2010:001:22:58:28.186	11384	75624	6	6	1	1	129.00	59.17
2010:001:22:58:28.186	2010:002:00:28:28.186	11384	75624	6	6	1	1	129.00	59.00
2010:002:00:28:28.186	2010:002:01:47:47.932	11384	75624	6	6	1	1	129.00	59.06
2010:002:01:47:47.932	2010:002:01:47:58.183	11384	75624	6	6	1	0	118.00	59.06
2010:002:01:47:58.183	2010:002:01:50:47.932	11384	75624	6	6	1	0	118.00	59.11
2010:002:01:50:47.932	2010:002:01:51:59.039	11383	75624	6	6	1	0	118.00	59.11
2010:002:01:51:59.039	2010:002:01:56:18.782	11383	75624	6	6	1	0	118.00	58.54
2010:002:01:56:18.782	2010:002:01:56:36.782	11383	75624	6	6	0	0	96.60	58.54
2010:002:01:56:36.782	2010:002:01:58:10.782	11383	75624	6	6	1	0	118.00	58.54
2010:002:01:58:10.782	2010:002:03:21:59.039	11383	75624	6	6	1	1	129.00	58.54
2010:002:03:21:59.039	2010:002:04:38:19.601	11383	75624	6	6	1	1	129.00	58.60
2010:002:04:38:19.601	2010:002:04:40:06.286	11383	-99616	6	6	1	0	118.00	58.60
2010:002:04:40:06.286	2010:002:04:41:19.601	11383	-99616	6	6	1	0	118.00	58.66
2010:002:04:41:19.601	2010:002:04:43:56.035	56553	-99616	6	6	1	0	118.00	58.66
2010:002:04:43:56.035	2010:002:04:44:00.035	56553	-99616	6	6	1	0	118.00	58.66
2010:002:04:44:00.035	2010:002:04:44:04.035	56553	-99616	6	6	1	0	118.00	58.66
2010:002:04:44:04.035	2010:002:04:44:06.291	56553	-99616	0	0	1	0	40.00	58.66
2010:002:04:44:06.291	2010:002:04:44:28.035	56553	-99616	0	0	1	0	40.00	58.66
2010:002:04:44:28.035	2010:002:04:45:35.035	56553	-99616	6	6	1	0	118.00	58.66
2010:002:04:45:35.035	2010:002:04:48:26.035	56553	-99616	6	6	1	1	129.00	58.66
2010:002:04:48:26.035	2010:002:04:48:36.286	56552	-99616	6	6	1	1	129.00	58.66
2010:002:04:48:36.286	2010:002:04:53:26.286	56552	-99616	6	6	1	1	129.00	58.66
2010:002:04:53:26.286	2010:002:04:58:16.286	56552	-99616	6	6	1	1	129.00	62.91
2010:002:04:58:16.286	2010:002:05:03:06.286	56552	-99616	6	6	1	1	129.00	77.59
2010:002:05:03:06.286	2010:002:05:07:56.286	56552	-99616	6	6	1	1	129.00	99.17
2010:002:05:07:56.286	2010:002:05:12:46.286	56552	-99616	6	6	1	1	129.00	120.92
2010:002:05:12:46.286	2010:002:05:17:36.286	56552	-99616	6	6	1	1	129.00	141.66
2010:002:05:17:36.286	2010:002:05:21:09.830	56552	-99616	6	6	1	1	129.00	153.57
2010:002:05:21:09.830	2010:002:06:19:04.035	56552	-99616	6	6	1	1	129.00	155.70
2010:002:06:19:04.035	2010:002:06:22:04.035	56552	-99616	6	6	1	0	118.00	155.70
2010:002:06:22:04.035	2010:002:06:22:13.035	56552	-99616	6	6	1	0	118.00	155.70
2010:002:06:22:13.035	2010:002:06:32:32.634	56552	-99616	6	6	0	0	96.60	155.70
2010:002:06:32:32.634	2010:002:06:32:42.885	56551	-99616	6	6	0	0	96.60	155.70
2010:002:06:32:42.885	2010:002:06:37:32.885	56551	-99616	6	6	0	0	96.60	155.74
2010:002:06:37:32.885	2010:002:06:42:22.885	56551	-99616	6	6	0	0	96.60	155.75
2010:002:06:42:22.885	2010:002:06:47:12.885	56551	-99616	6	6	0	0	96.60	155.78
2010:002:06:47:12.885	2010:002:06:52:02.885	56551	-99616	6	6	0	0	96.60	155.82
2010:002:06:52:02.885	2010:002:06:56:52.885	56551	-99616	6	6	0	0	96.60	155.86
2010:002:06:56:52.885	2010:002:07:01:42.885	56551	-99616	6	6	0	0	96.60	155.89
2010:002:07:01:42.885	2010:002:07:05:46.788	56551	-99616	6	6	0	0	96.60	155.91
2010:002:07:05:46.788	2010:002:09:15:46.788	56551	-99616	6	6	0	0	96.60	155.91
2010:002:09:15:46.788	2010:002:11:25:46.788	56551	-99616	6	6	0	0	96.60	155.93
2010:002:11:25:46.788	2010:002:13:35:46.788	56551	-99616	6	6	0	0	96.60	155.95
2010:002:13:35:46.788	2010:002:15:24:52.687	56551	-99616	6	6	0	0	96.60	155.97
2010:002:15:24:52.687	2010:002:15:25:02.938	56550	-99616	6	6	0	0	96.60	155.97
2010:002:15:25:02.938	2010:002:15:29:22.938	56550	-99616	6	6	0	0	96.60	155.98
2010:002:15:29:22.938	2010:002:15:33:42.938	56550	-99616	6	6	0	0	96.60	155.95
2010:002:15:33:42.938	2010:002:15:37:49.291	56550	-99616	6	6	0	0	96.60	155.87
2010:002:15:37:49.291	2010:002:15:42:08.035	56550	-99616	6	6	0	0	96.60	155.86
2010:002:15:42:08.035	2010:002:15:42:12.035	56550	-99616	6	6	0	0	96.60	155.86
2010:002:15:42:12.035	2010:002:15:42:16.035	56550	-99616	6	6	0	0	96.60	155.86
2010:002:15:42:16.035	2010:002:15:42:40.035	56550	-99616	0	0	1	0	40.00	155.86
2010:002:15:42:40.035	2010:002:15:43:47.035	56550	-99616	6	6	1	0	118.00	155.86
2010:002:15:43:47.035	2010:002:17:03:12.882	56550	-99616	6	6	1	1	129.00	155.86
2010:002:17:03:12.882	2010:002:17:07:42.882	56550	-99616	6	6	1	1	129.00	155.85
2010:002:17:07:42.882	2010:002:17:12:12.882	56550	-99616	6	6	1	1	129.00	152.24
2010:002:17:12:12.882	2010:002:17:16:42.882	56550	-99616	6	6	1	1	129.00	139.61
2010:002:17:16:42.882	2010:002:17:20:56.035	56550	-99616	6	6	1	1	129.00	119.90
2010:002:17:20:56.035	2010:002:17:21:12.882	56550	-99616	6	6	1	0	118.00	119.90
2010:002:17:21:12.882	2010:002:17:23:56.035	56550	-99616	6	6	1	0	118.00	100.64
2010:002:17:23:56.035	2010:002:17:25:42.882	11074	73176	6	6	1	0	118.00	100.64
2010:002:17:25:42.882	2010:002:17:26:56.035	11074	73176	6	6	1	0	118.00	89.12
2010:002:17:26:56.035	2010:002:17:27:00.035	11074	73176	6	6	1	0	118.00	89.12
2010:002:17:27:00.035	2010:002:17:27:04.035	11074	73176	6	6	1	0	118.00	89.12
2010:002:17:27:04.035	2010:002:17:27:28.035	11074	73176	0	0	1	0	40.00	89.12
2010:002:17:27:28.035	2010:002:17:28:35.035	11074	73176	6	6	1	0	118.00	89.12
2010:002:17:28:35.035	2010:002:17:29:39.366	11074	73176	6	6	1	1	129.00	89.12
2010:002:17:29:39.366	2010:002:19:14:39.366	11074	73176	6	6	1	1	129.00	86.44
2010:002:19:14:39.366	2010:002:20:59:39.366	11074	73176	6	6	1	1	129.00	86.44
2010:002:20:59:39.366	2010:002:22:38:04.035	11074	73176	6	6	1	1	129.00	86.44
2010:002:22:38:04.035	2010:002:22:38:14.286	11074	73176	6	6	1	0	118.00	86.44
2010:002:22:38:14.286	2010:002:22:41:04.035	11074	73176	6	6	1	0	118.00	86.44
2010:002:22:41:04.035	2010:002:22:42:34.286	56549	73176	6	6	1	0	118.00	86.44
2010:002:22:42:34.286	2010:002:22:46:54.286	56549	73176	6	6	1	0	118.00	89.76
2010:002:22:46:54.286	2010:002:22:51:14.286	56549	73176	6	6	1	0	118.00	101.45
2010:002:22:51:14.286	2010:002:22:55:34.286	56549	73176	6	6	1	0	118.00	120.16
2010:002:22:55:34.286	2010:002:22:59:54.286	56549	73176	6	6	1	0	118.00	138.34
2010:002:22:59:54.286	2010:002:23:03:41.237	56549	73176	6	6	1	0	118.00	148.94
2010:002:23:03:41.237	2010:002:23:08:10.981	56549	73176	6	6	1	0	118.00	151.38
2010:002:23:08:10.981	2010:002:23:08:21.232	11011	75624	6	6	1	0	118.00	151.38
2010:002:23:08:21.232	2010:002:23:13:01.232	11011	75624	6	6	1	0	118.00	151.38
2010:002:23:13:01.232	2010:002:23:13:01.581	11011	75624	6	6	1	0	118.00	151.23
2010:002:23:13:01.581	2010:002:23:13:05.581	11011	75624	6	6	1	0	118.00	151.23
2010:002:23:13:05.581	2010:002:23:13:09.581	11011	75624	6	6	1	0	118.00	151.23
2010:002:23:13:09.581	2010:002:23:13:33.581	11011	75624	0	0	1	0	40.00	151.23
2010:002:23:13:33.581	2010:002:23:14:40.581	11011	75624	6	6	1	0	118.00	151.23
2010:002:23:14:40.581	2010:002:23:17:41.232	11011	75624	6	6	1	1	129.00	151.23
2010:002:23:17:41.232	2010:002:23:22:21.232	11011	75624	6	6	1	1	129.00	150.64
2010:002:23:22:21.232	2010:002:23:27:01.232	11011	75624	6	6	1	1	129.00	149.55
2010:002:23:27:01.232	2010:002:23:31:41.232	11011	75624	6	6	1	1	129.00	148.37
2010:002:23:31:41.232	2010:002:23:36:21.232	11011	75624	6	6	1	1	129.00	147.29
2010:002:23:36:21.232	2010:002:23:40:24.643	11011	75624	6	6	1	1	129.00	146.72
2010:002:23:40:24.643	2010:003:02:05:24.643	11011	75624	6	6	1	1	129.00	146.60
2010:003:02:05:24.643	2010:003:04:30:24.643	11011	75624	6	6	1	1	129.00	146.50
2010:003:04:30:24.643	2010:003:06:55:24.643	11011	75624	6	6	1	1	129.00	146.40
2010:003:06:55:24.643	2010:003:09:20:24.643	11011	75624	6	6	1	1	129.00	146.30
2010:003:09:20:24.643	2010:003:11:45:24.643	11011	75624	6	6	1	1	129.00	146.20
2010:003:11:45:24.643	2010:003:14:10:24.643	11011	75624	6	6	1	1	129.00	146.09
2010:003:14:10:24.643	2010:003:16:35:24.643	11011	75624	6	6	1	1	129.00	145.99
2010:003:16:35:24.643	2010:003:19:00:24.643	11011	75624	6	6	1	1	129.00	145.89
2010:003:19:00:24.643	2010:003:21:25:24.643	11011	75624	6	6	1	1	129.00	145.79
2010:003:21:25:24.643	2010:003:23:50:24.643	11011	75624	6	6	1	1	129.00	145.69
2010:003:23:50:24.643	2010:004:02:15:24.643	11011	75624	6	6	1	1	129.00	145.59
2010:004:02:15:24.643	2010:004:04:40:24.643	11011	75624	6	6	1	1	129.00	145.48
2010:004:04:40:24.643	2010:004:07:05:24.643	11011	75624	6	6	1	1	129.00	145.38
2010:004:07:05:24.643	2010:004:09:04:44.389	11011	75624	6	6	1	1	129.00	145.28
2010:004:09:04:44.389	2010:004:09:04:54.640	11011	75624	6	6	1	0	118.00	145.28
2010:004:09:04:54.640	2010:004:09:07:44.389	11011	75624	6	6	1	0	118.00	145.20
2010:004:09:07:44.389	2010:004:09:09:34.640	56548	75624	6	6	1	0	118.00	145.20
2010:004:09:09:34.640	2010:004:09:14:14.640	56548	75624	6	6	1	0	118.00	145.41
2010:004:09:14:14.640	2010:004:09:18:54.640	56548	75624	6	6	1	0	118.00	146.23
2010:004:09:18:54.640	2010:004:09:23:34.640	56548	75624	6	6	1	0	118.00	147.66
2010:004:09:23:34.640	2010:004:09:28:14.640	56548	75624	6	6	1	0	118.00	149.20
2010:004:09:28:14.640	2010:004:09:32:54.640	56548	75624	6	6	1	0	118.00	150.53
2010:004:09:32:54.640	2010:004:09:36:23.040	56548	75624	6	6	1	0	118.00	151.17
2010:004:09:36:23.040	2010:004:09:40:52.785	56548	75624	6	6	1	0	118.00	151.27
2010:004:09:40:52.785	2010:004:09:41:03.036	12068	73176	6	6	1	0	118.00	151.27
2010:004:09:41:03.036	2010:004:09:45:23.036	12068	73176	6	6	1	0	118.00	151.27
2010:004:09:45:23.036	2010:004:09:45:43.385	12068	73176	6	6	1	0	118.00	147.96
2010:004:09:45:43.385	2010:004:09:45:47.385	12068	73176	6	6	1	0	118.00	147.96
2010:004:09:45:47.385	2010:004:09:45:51.385	12068	73176	6	6	1	0	118.00	147.96
2010:004:09:45:51.385	2010:004:09:46:15.385	12068	73176	0	0	1	0	40.00	147.96
2010:004:09:46:15.385	2010:004:09:47:22.385	12068	73176	6	6	1	0	118.00	147.96
2010:004:09:47:22.385	2010:004:09:49:43.036	12068	73176	6	6	1	1	129.00	147.96
2010:004:09:49:43.036	2010:004:09:54:03.036	12068	73176	6	6	1	1	129.00	136.29
2010:004:09:54:03.036	2010:004:09:58:23.036	12068	73176	6	6	1	1	129.00	117.59
2010:004:09:58:23.036	2010:004:10:02:43.036	12068	73176	6	6	1	1	129.00	99.42
2010:004:10:02:43.036	2010:004:10:06:29.145	12068	73176	6	6	1	1	129.00	88.83
2010:004:10:06:29.145	2010:004:12:01:29.145	12068	73176	6	6	1	1	129.00	86.41
2010:004:12:01:29.145	2010:004:13:47:28.889	12068	73176	6	6	1	1	129.00	86.41
2010:004:13:47:28.889	2010:004:13:47:39.140	12068	75624	6	6	1	0	118.00	86.41
2010:004:13:47:39.140	2010:004:13:50:28.889	12068	75624	6	6	1	0	118.00	86.41
2010:004:13:50:28.889	2010:004:13:52:09.140	11451	75624	6	6	1	0	118.00	86.41
2010:004:13:52:09.140	2010:004:13:55:19.489	11451	75624	6	6	1	0	118.00	88.09
2010:004:13:55:19.489	2010:004:13:55:23.489	11451	75624	6	6	1	0	118.00	88.09
2010:004:13:55:23.489	2010:004:13:55:27.489	11451	75624	6	6	1	0	118.00	88.09
2010:004:13:55:27.489	2010:004:13:55:51.489	11451	75624	0	0	1	0	40.00	88.09
2010:004:13:55:51.489	2010:004:13:56:39.140	11451	75624	1	1	1	0	58.30	88.09
2010:004:13:56:39.140	2010:004:13:56:58.489	11451	75624	1	1	1	0	58.30	94.48
2010:004:13:56:58.489	2010:004:14:01:09.140	11451	75624	1	1	1	1	57.00	94.48
2010:004:14:01:09.140	2010:004:14:05:39.140	11451	75624	1	1	1	1	57.00	105.58
2010:004:14:05:39.140	2010:004:14:10:09.140	11451	75624	1	1	1	1	57.00	117.66
2010:004:14:10:09.140	2010:004:14:14:39.140	11451	75624	1	1	1	1	57.00	129.01
2010:004:14:14:39.140	2010:004:14:18:39.820	11451	75624	1	1	1	1	57.00	135.28
2010:004:14:18:39.820	2010:004:14:56:19.566	11451	75624	1	1	1	1	57.00	136.68
2010:004:14:56:19.566	2010:004:14:56:29.817	11451	75624	1	1	1	0	58.30	136.68
2010:004:14:56:29.817	2010:004:14:59:19.566	11451	75624	1	1	1	0	58.30	136.70
2010:004:14:59:19.566	2010:004:15:00:09.817	11448	75624	1	1	1	0	58.30	136.70
2010:004:15:00:09.817	2010:004:15:03:49.817	11448	75624	1	1	1	0	58.30	138.60
2010:004:15:03:49.817	2010:004:15:07:13.742	11448	75624	1	1	1	0	58.30	143.90
2010:004:15:07:13.742	2010:004:15:11:33.486	11448	75624	1	1	1	0	58.30	145.50
2010:004:15:11:33.486	2010:004:15:11:51.486	11448	75624	1	1	0	0	27.00	145.50
2010:004:15:11:51.486	2010:004:15:13:25.486	11448	75624	1	1	1	0	58.30	145.50
2010:004:15:13:25.486	2010:004:15:47:53.486	11448	75624	1	1	1	1	57.00	145.50
2010:004:15:47:53.486	2010:004:15:48:03.737	11448	75624	1	1	1	0	58.30	145.50
2010:004:15:48:03.737	2010:004:15:50:53.486	11448	75624	1	1	1	0	58.30	145.53
2010:004:15:50:53.486	2010:004:15:50:57.486	11589	75624	1	1	1	0	58.30	145.53
2010:004:15:50:57.486	2010:004:15:51:01.486	11589	75624	1	1	1	0	58.30	145.53
2010:004:15:51:01.486	2010:004:15:51:25.486	11589	75624	0	0	1	0	40.00	145.53
2010:004:15:51:25.486	2010:004:15:52:32.486	11589	75624	5	5	1	0	112.30	145.53
2010:004:15:52:32.486	2010:004:15:52:33.737	11589	75624	5	5	1	1	113.90	145.53
2010:004:15:52:33.737	2010:004:15:57:03.737	11589	75624	5	5	1	1	113.90	145.44
2010:004:15:57:03.737	2010:004:16:01:33.737	11589	75624	5	5	1	1	113.90	145.10
2010:004:16:01:33.737	2010:004:16:06:03.737	11589	75624	5	5	1	1	113.90	144.50
2010:004:16:06:03.737	2010:004:16:10:33.737	11589	75624	5	5	1	1	113.90	143.84
2010:004:16:10:33.737	2010:004:16:15:03.737	11589	75624	5	5	1	1	113.90	143.26
2010:004:16:15:03.737	2010:004:16:19:09.010	11589	75624	5	5	1	1	113.90	142.95
2010:004:16:19:09.010	2010:004:18:14:09.010	11589	75624	5	5	1	1	113.90	142.88
2010:004:18:14:09.010	2010:004:19:53:24.715	11589	75624	5	5	1	1	113.90	142.91
2010:004:19:53:24.715	2010:004:19:55:11.400	11589	-99616	5	5	1	0	112.30	142.91
2010:004:19:55:11.400	2010:004:19:56:24.715	11589	-99616	5	5	1	0	112.30	142.93
2010:004:19:56:24.715	2010:004:19:59:01.149	56547	-99616	5	5	1	0	112.30	142.93
2010:004:19:59:01.149	2010:004:19:59:05.149	56547	-99616	5	5	1	0	112.30	142.93
2010:004:19:59:05.149	2010:004:19:59:09.149	56547	-99616	5	5	1	0	112.30	142.93
2010:004:19:59:09.149	2010:004:19:59:11.405	56547	-99616	0	0	1	0	40.00	142.93
2010:004:19:59:11.405	2010:004:19:59:33.149	56547	-99616	0	0	1	0	40.00	142.94
2010:004:19:59:33.149	2010:004:20:00:40.149	56547	-99616	6	6	1	0	118.00	142.94
2010:004:20:00:40.149	2010:004:20:03:31.149	56547	-99616	6	6	1	1	129.00	142.94
2010:004:20:03:31.149	2010:004:20:03:41.400	56546	-99616	6	6	1	1	129.00	142.94
2010:004:20:03:41.400	2010:004:20:07:41.400	56546	-99616	6	6	1	1	129.00	142.94
2010:004:20:07:41.400	2010:004:20:11:41.400	56546	-99616	6	6	1	1	129.00	145.71
2010:004:20:11:41.400	2010:004:20:15:14.311	56546	-99616	6	6	1	1	129.00	153.23
2010:004:20:15:14.311	2010:004:21:09:02.497	56546	-99616	6	6	1	1	129.00	155.34
2010:004:21:09:02.497	2010:004:21:09:12.748	56545	-99616	6	6	1	1	129.00	155.34
2010:004:21:09:12.748	2010:004:21:13:52.748	56545	-99616	6	6	1	1	129.00	155.35
2010:004:21:13:52.748	2010:004:21:18:32.748	56545	-99616	6	6	1	1	129.00	155.35
2010:004:21:18:32.748	2010:004:21:23:12.748	56545	-99616	6	6	1	1	129.00	155.38
2010:004:21:23:12.748	2010:004:21:27:52.748	56545	-99616	6	6	1	1	129.00	155.44
2010:004:21:27:52.748	2010:004:21:32:32.748	56545	-99616	6	6	1	1	129.00	155.52
2010:004:21:32:32.748	2010:004:21:37:12.748	56545	-99616	6	6	1	1	129.00	155.61
2010:004:21:37:12.748	2010:004:21:41:52.748	56545	-99616	6	6	1	1	129.00	155.69
2010:004:21:41:52.748	2010:004:21:46:32.748	56545	-99616	6	6	1	1	129.00	155.77
2010:004:21:46:32.748	2010:004:21:47:02.149	56545	-99616	6	6	1	1	129.00	155.81
2010:004:21:47:02.149	2010:004:21:50:02.149	56545	-99616	6	6	1	0	118.00	155.81
2010:004:21:50:02.149	2010:004:21:50:11.149	56545	-99616	6	6	1	0	118.00	155.81
2010:004:21:50:11.149	2010:004:21:51:12.748	56545	-99616	6	6	0	0	96.60	155.81
2010:004:21:51:12.748	2010:004:21:54:19.233	56545	-99616	6	6	0	0	96.60	155.83
2010:004:21:54:19.233	2010:004:23:59:19.233	56545	-99616	6	6	0	0	96.60	155.83
2010:004:23:59:19.233	2010:005:02:04:19.233	56545	-99616	6	6	0	0	96.60	155.84
2010:005:02:04:19.233	2010:005:04:09:19.233	56545	-99616	6	6	0	0	96.60	155.85
2010:005:04:09:19.233	2010:005:06:01:59.994	56545	-99616	6	6	0	0	96.60	155.86
2010:005:06:01:59.994	2010:005:06:02:10.245	56544	-99616	6	6	0	0	96.60	155.86
2010:005:06:02:10.245	2010:005:06:06:30.245	56544	-99616	6	6	0	0	96.60	155.86
2010:005:06:06:30.245	2010:005:06:10:50.245	56544	-99616	6	6	0	0	96.60	155.79
2010:005:06:10:50.245	2010:005:06:14:54.405	56544	-99616	6	6	0	0	96.60	155.61
2010:005:06:14:54.405	2010:005:06:19:13.149	56544	-99616	6	6	0	0	96.60	155.56
2010:005:06:19:13.149	2010:005:06:19:17.149	56544	-99616	6	6	0	0	96.60	155.56
2010:005:06:19:17.149	2010:005:06:19:21.149	56544	-99616	6	6	0	0	96.60	155.56
2010:005:06:19:21.149	2010:005:06:19:45.149	56544	-99616	0	0	1	0	40.00	155.56
2010:005:06:19:45.149	2010:005:06:20:52.149	56544	-99616	6	6	1	0	118.00	155.56
2010:005:06:20:52.149	2010:005:07:34:54.405	56544	-99616	6	6	1	1	129.00	155.56
2010:005:07:34:54.405	2010:005:08:45:09.528	56544	-99616	6	6	1	1	129.00	155.55
2010:005:08:45:09.528	2010:005:08:49:39.528	56544	-99616	6	6	1	1	129.00	155.54
2010:005:08:49:39.528	2010:005:08:54:09.528	56544	-99616	6	6	1	1	129.00	151.95
2010:005:08:54:09.528	2010:005:08:58:39.528	56544	-99616	6	6	1	1	129.00	139.38
2010:005:08:58:39.528	2010:005:09:02:53.149	56544	-99616	6	6	1	1	129.00	119.75
2010:005:09:02:53.149	2010:005:09:03:09.528	56544	-99616	6	6	1	0	118.00	119.75
2010:005:09:03:09.528	2010:005:09:05:53.149	56544	-99616	6	6	1	0	118.00	100.55
2010:005:09:05:53.149	2010:005:09:07:39.528	12072	73176	6	6	1	0	118.00	100.55
2010:005:09:07:39.528	2010:005:09:08:53.149	12072	73176	6	6	1	0	118.00	89.07
2010:005:09:08:53.149	2010:005:09:08:57.149	12072	73176	6	6	1	0	118.00	89.07
2010:005:09:08:57.149	2010:005:09:09:01.149	12072	73176	6	6	1	0	118.00	89.07
2010:005:09:09:01.149	2010:005:09:09:25.149	12072	73176	0	0	1	0	40.00	89.07
2010:005:09:09:25.149	2010:005:09:10:32.149	12072	73176	6	6	1	0	118.00	89.07
2010:005:09:10:32.149	2010:005:09:11:36.480	12072	73176	6	6	1	1	129.00	89.07
2010:005:09:11:36.480	2010:005:11:06:36.480	12072	73176	6	6	1	1	129.00	86.39
2010:005:11:06:36.480	2010:005:13:01:36.480	12072	73176	6	6	1	1	129.00	86.39
2010:005:13:01:36.480	2010:005:14:36:41.149	12072	73176	6	6	1	1	129.00	86.39
2010:005:14:36:41.149	2010:005:14:36:51.400	12072	73176	6	6	1	0	118.00	86.39
2010:005:14:36:51.400	2010:005:14:39:41.149	12072	73176	6	6	1	0	118.00	86.39
2010:005:14:39:41.149	2010:005:14:41:11.400	56543	73176	6	6	1	0	118.00	86.39
2010:005:14:41:11.400	2010:005:14:45:31.400	56543	73176	6	6	1	0	118.00	89.70
2010:005:14:45:31.400	2010:005:14:49:51.400	56543	73176	6	6	1	0	118.00	101.36
2010:005:14:49:51.400	2010:005:14:54:11.400	56543	73176	6	6	1	0	118.00	120.01
2010:005:14:54:11.400	2010:005:14:58:31.400	56543	73176	6	6	1	0	118.00	138.14
2010:005:14:58:31.400	2010:005:15:02:18.118	56543	73176	6	6	1	0	118.00	148.71
2010:005:15:02:18.118	2010:005:15:06:47.863	56543	73176	6	6	1	0	118.00	151.13
2010:005:15:06:47.863	2010:005:15:06:58.114	11009	75624	6	6	1	0	118.00	151.13
2010:005:15:06:58.114	2010:005:15:11:28.114	11009	75624	6	6	1	0	118.00	151.13
2010:005:15:11:28.114	2010:005:15:11:38.463	11009	75624	6	6	1	0	118.00	150.89
2010:005:15:11:38.463	2010:005:15:11:42.463	11009	75624	6	6	1	0	118.00	150.89
2010:005:15:11:42.463	2010:005:15:11:46.463	11009	75624	6	6	1	0	118.00	150.89
2010:005:15:11:46.463	2010:005:15:12:10.463	11009	75624	0	0	1	0	40.00	150.89
2010:005:15:12:10.463	2010:005:15:13:17.463	11009	75624	6	6	1	0	118.00	150.89
2010:005:15:13:17.463	2010:005:15:15:58.114	11009	75624	6	6	1	1	129.00	150.89
2010:005:15:15:58.114	2010:005:15:20:28.114	11009	75624	6	6	1	1	129.00	149.96
2010:005:15:20:28.114	2010:005:15:24:58.114	11009	75624	6	6	1	1	129.00	148.28
2010:005:15:24:58.114	2010:005:15:29:28.114	11009	75624	6	6	1	1	129.00	146.49
2010:005:15:29:28.114	2010:005:15:33:58.114	11009	75624	6	6	1	1	129.00	144.91
2010:005:15:33:58.114	2010:005:15:37:57.906	11009	75624	6	6	1	1	129.00	144.09
2010:005:15:37:57.906	2010:005:17:57:57.906	11009	75624	6	6	1	1	129.00	143.91
2010:005:17:57:57.906	2010:005:20:17:57.906	11009	75624	6	6	1	1	129.00	143.81
2010:005:20:17:57.906	2010:005:22:37:57.906	11009	75624	6	6	1	1	129.00	143.71
2010:005:22:37:57.906	2010:006:00:57:57.906	11009	75624	6	6	1	1	129.00	143.62
2010:006:00:57:57.906	2010:006:03:17:57.906	11009	75624	6	6	1	1	129.00	143.52
2010:006:03:17:57.906	2010:006:05:37:57.906	11009	75624	6	6	1	1	129.00	143.42
2010:006:05:37:57.906	2010:006:07:57:57.906	11009	75624	6	6	1	1	129.00	143.32
2010:006:07:57:57.906	2010:006:10:17:57.906	11009	75624	6	6	1	1	129.00	143.22
2010:006:10:17:57.906	2010:006:12:37:57.906	11009	75624	6	6	1	1	129.00	143.13
2010:006:12:37:57.906	2010:006:14:57:57.906	11009	75624	6	6	1	1	129.00	143.03
2010:006:14:57:57.906	2010:006:17:17:57.906	11009	75624	6	6	1	1	129.00	142.93
2010:006:17:17:57.906	2010:006:19:37:57.906	11009	75624	6	6	1	1	129.00	142.83
2010:006:19:37:57.906	2010:006:21:57:57.906	11009	75624	6	6	1	1	129.00	142.73
2010:006:21:57:57.906	2010:007:00:12:17.651	11009	75624	6	6	1	1	129.00	142.63
2010:007:00:12:17.651	2010:007:00:12:27.902	11009	75624	6	6	1	0	118.00	142.63
2010:007:00:12:27.902	2010:007:00:15:17.651	11009	75624	6	6	1	0	118.00	142.54
2010:007:00:15:17.651	2010:007:00:16:57.902	56542	75624	6	6	1	0	118.00	142.54
2010:007:00:16:57.902	2010:007:00:21:27.902	56542	75624	6	6	1	0	118.00	142.82
2010:007:00:21:27.902	2010:007:00:25:57.902	56542	75624	6	6	1	0	118.00	143.90
2010:007:00:25:57.902	2010:007:00:30:27.902	56542	75624	6	6	1	0	118.00	145.83
2010:007:00:30:27.902	2010:007:00:34:57.902	56542	75624	6	6	1	0	118.00	147.96
2010:007:00:34:57.902	2010:007:00:39:27.902	56542	75624	6	6	1	0	118.00	149.83
2010:007:00:39:27.902	2010:007:00:42:54.753	56542	75624	6	6	1	0	118.00	150.75
2010:007:00:42:54.753	2010:007:00:47:24.498	56542	75624	6	6	1	0	118.00	150.91
2010:007:00:47:24.498	2010:007:00:47:34.749	11986	73176	6	6	1	0	118.00	150.91
2010:007:00:47:34.749	2010:007:00:51:54.749	11986	73176	6	6	1	0	118.00	150.91
2010:007:00:51:54.749	2010:007:00:52:15.098	11986	73176	6	6	1	0	118.00	147.62
2010:007:00:52:15.098	2010:007:00:52:19.098	11986	73176	6	6	1	0	118.00	147.62
2010:007:00:52:19.098	2010:007:00:52:23.098	11986	73176	6	6	1	0	118.00	147.62
2010:007:00:52:23.098	2010:007:00:52:47.098	11986	73176	0	0	1	0	40.00	147.62
2010:007:00:52:47.098	2010:007:00:53:54.098	11986	73176	6	6	1	0	118.00	147.62
2010:007:00:53:54.098	2010:007:00:56:14.749	11986	73176	6	6	1	1	129.00	147.62
2010:007:00:56:14.749	2010:007:01:00:34.749	11986	73176	6	6	1	1	129.00	136.03
2010:007:01:00:34.749	2010:007:01:04:54.749	11986	73176	6	6	1	1	129.00	117.47
2010:007:01:04:54.749	2010:007:01:09:14.749	11986	73176	6	6	1	1	129.00	99.40
2010:007:01:09:14.749	2010:007:01:13:03.648	11986	73176	6	6	1	1	129.00	88.83
2010:007:01:13:03.648	2010:007:03:30:43.392	11986	73176	6	6	1	1	129.00	86.37
2010:007:03:30:43.392	2010:007:03:30:53.643	11986	91256	6	6	1	0	118.00	86.37
2010:007:03:30:53.643	2010:007:03:33:43.392	11986	91256	6	6	1	0	118.00	86.37
2010:007:03:33:43.392	2010:007:03:35:33.643	11712	91256	6	6	1	0	118.00	86.37
2010:007:03:35:33.643	2010:007:03:38:33.992	11712	91256	6	6	1	0	118.00	88.27
2010:007:03:38:33.992	2010:007:03:38:37.992	11712	91256	6	6	1	0	118.00	88.27
2010:007:03:38:37.992	2010:007:03:38:41.992	11712	91256	6	6	1	0	118.00	88.27
2010:007:03:38:41.992	2010:007:03:39:05.992	11712	91256	0	0	1	0	40.00	88.27
2010:007:03:39:05.992	2010:007:03:40:12.992	11712	91256	5	5	1	0	112.30	88.27
2010:007:03:40:12.992	2010:007:03:40:13.643	11712	91256	5	5	1	1	113.90	88.27
2010:007:03:40:13.643	2010:007:03:44:53.643	11712	91256	5	5	1	1	113.90	95.49
2010:007:03:44:53.643	2010:007:03:49:33.643	11712	91256	5	5	1	1	113.90	107.64
2010:007:03:49:33.643	2010:007:03:54:13.643	11712	91256	5	5	1	1	113.90	120.68
2010:007:03:54:13.643	2010:007:03:58:53.643	11712	91256	5	5	1	1	113.90	132.98
2010:007:03:58:53.643	2010:007:04:03:05.373	11712	91256	5	5	1	1	113.90	139.81
2010:007:04:03:05.373	2010:007:06:03:05.373	11712	91256	5	5	1	1	113.90	141.31
2010:007:06:03:05.373	2010:007:08:03:05.373	11712	91256	5	5	1	1	113.90	141.39
2010:007:08:03:05.373	2010:007:10:03:05.373	11712	91256	5	5	1	1	113.90	141.48
2010:007:10:03:05.373	2010:007:11:38:24.553	11712	91256	5	5	1	1	113.90	141.56
2010:007:11:38:24.553	2010:007:11:40:32.743	11712	-99616	5	5	1	0	112.30	141.56
2010:007:11:40:32.743	2010:007:11:41:24.553	11712	-99616	5	5	1	0	112.30	141.63
2010:007:11:41:24.553	2010:007:11:44:22.492	56541	-99616	5	5	1	0	112.30	141.63
2010:007:11:44:22.492	2010:007:11:44:26.492	56541	-99616	5	5	1	0	112.30	141.63
2010:007:11:44:26.492	2010:007:11:44:30.492	56541	-99616	5	5	1	0	112.30	141.63
2010:007:11:44:30.492	2010:007:11:44:32.748	56541	-99616	0	0	1	0	40.00	141.63
2010:007:11:44:32.748	2010:007:11:44:54.492	56541	-99616	0	0	1	0	40.00	141.63
2010:007:11:44:54.492	2010:007:11:46:01.492	56541	-99616	6	6	1	0	118.00	141.63
2010:007:11:46:01.492	2010:007:11:48:52.492	56541	-99616	6	6	1	1	129.00	141.63
2010:007:11:48:52.492	2010:007:11:49:02.743	56540	-99616	6	6	1	1	129.00	141.63
2010:007:11:49:02.743	2010:007:11:53:32.743	56540	-99616	6	6	1	1	129.00	141.64
2010:007:11:53:32.743	2010:007:11:58:02.743	56540	-99616	6	6	1	1	129.00	144.59
2010:007:11:58:02.743	2010:007:12:02:19.912	56540	-99616	6	6	1	1	129.00	152.79
2010:007:12:02:19.912	2010:007:13:14:01.492	56540	-99616	6	6	1	1	129.00	155.44
2010:007:13:14:01.492	2010:007:13:17:01.492	56540	-99616	6	6	1	0	118.00	155.44
2010:007:13:17:01.492	2010:007:13:17:10.492	56540	-99616	6	6	1	0	118.00	155.44
2010:007:13:17:10.492	2010:007:13:20:00.011	56540	-99616	6	6	0	0	96.60	155.44
2010:007:13:20:00.011	2010:007:13:20:10.262	56539	-99616	6	6	0	0	96.60	155.44
2010:007:13:20:10.262	2010:007:13:24:40.262	56539	-99616	6	6	0	0	96.60	155.49
2010:007:13:24:40.262	2010:007:13:29:10.262	56539	-99616	6	6	0	0	96.60	155.51
2010:007:13:29:10.262	2010:007:13:33:40.262	56539	-99616	6	6	0	0	96.60	155.57
2010:007:13:33:40.262	2010:007:13:38:10.262	56539	-99616	6	6	0	0	96.60	155.68
2010:007:13:38:10.262	2010:007:13:42:40.262	56539	-99616	6	6	0	0	96.60	155.80
2010:007:13:42:40.262	2010:007:13:47:10.262	56539	-99616	6	6	0	0	96.60	155.91
2010:007:13:47:10.262	2010:007:13:51:15.934	56539	-99616	6	6	0	0	96.60	155.96
2010:007:13:51:15.934	2010:007:15:56:15.934	56539	-99616	6	6	0	0	96.60	155.97
2010:007:15:56:15.934	2010:007:18:01:15.934	56539	-99616	6	6	0	0	96.60	155.97
2010:007:18:01:15.934	2010:007:20:06:15.934	56539	-99616	6	6	0	0	96.60	155.97
2010:007:20:06:15.934	2010:007:21:47:08.994	56539	-99616	6	6	0	0	96.60	155.97
2010:007:21:47:08.994	2010:007:21:47:19.245	56538	-99616	6	6	0	0	96.60	155.97
2010:007:21:47:19.245	2010:007:21:51:49.245	56538	-99616	6	6	0	0	96.60	155.97
2010:007:21:51:49.245	2010:007:21:56:19.245	56538	-99616	6	6	0	0	96.60	155.95
2010:007:21:56:19.245	2010:007:22:00:15.748	56538	-99616	6	6	0	0	96.60	155.92
2010:007:22:00:15.748	2010:007:22:04:34.492	56538	-99616	6	6	0	0	96.60	155.92
2010:007:22:04:34.492	2010:007:22:04:38.492	56538	-99616	6	6	0	0	96.60	155.92
2010:007:22:04:38.492	2010:007:22:04:42.492	56538	-99616	6	6	0	0	96.60	155.92
2010:007:22:04:42.492	2010:007:22:05:06.492	56538	-99616	0	0	1	0	40.00	155.92
2010:007:22:05:06.492	2010:007:22:06:13.492	56538	-99616	6	6	1	0	118.00	155.92
2010:007:22:06:13.492	2010:008:00:03:53.497	56538	-99616	6	6	1	1	129.00	155.92
2010:008:00:03:53.497	2010:008:00:08:23.497	56538	-99616	6	6	1	1	129.00	155.89
2010:008:00:08:23.497	2010:008:00:12:53.497	56538	-99616	6	6	1	1	129.00	152.36
2010:008:00:12:53.497	2010:008:00:17:23.497	56538	-99616	6	6	1	1	129.00	139.98
2010:008:00:17:23.497	2010:008:00:19:22.492	56538	-99616	6	6	1	1	129.00	120.65
2010:008:00:19:22.492	2010:008:00:21:53.497	56538	-99616	6	6	1	0	118.00	120.65
2010:008:00:21:53.497	2010:008:00:22:22.492	56538	-99616	6	6	1	0	118.00	101.49
2010:008:00:22:22.492	2010:008:00:25:22.492	12069	73176	6	6	1	0	118.00	101.49
2010:008:00:25:22.492	2010:008:00:25:26.492	12069	73176	6	6	1	0	118.00	101.49
2010:008:00:25:26.492	2010:008:00:25:30.492	12069	73176	6	6	1	0	118.00	101.49
2010:008:00:25:30.492	2010:008:00:25:54.492	12069	73176	0	0	1	0	40.00	101.49
2010:008:00:25:54.492	2010:008:00:26:23.497	12069	73176	6	6	1	0	118.00	101.49
2010:008:00:26:23.497	2010:008:00:27:01.492	12069	73176	6	6	1	0	118.00	89.54
2010:008:00:27:01.492	2010:008:00:30:41.983	12069	73176	6	6	1	1	129.00	89.54
2010:008:00:30:41.983	2010:008:02:20:41.983	12069	73176	6	6	1	1	129.00	86.36
2010:008:02:20:41.983	2010:008:04:10:41.983	12069	73176	6	6	1	1	129.00	86.36
2010:008:04:10:41.983	2010:008:05:53:10.492	12069	73176	6	6	1	1	129.00	86.35
2010:008:05:53:10.492	2010:008:05:53:20.743	12069	73176	6	6	1	0	118.00	86.35
2010:008:05:53:20.743	2010:008:05:56:10.492	12069	73176	6	6	1	0	118.00	86.35
2010:008:05:56:10.492	2010:008:05:57:40.743	56537	73176	6	6	1	0	118.00	86.35
2010:008:05:57:40.743	2010:008:06:02:00.743	56537	73176	6	6	1	0	118.00	89.61
2010:008:06:02:00.743	2010:008:06:06:20.743	56537	73176	6	6	1	0	118.00	101.08
2010:008:06:06:20.743	2010:008:06:10:40.743	56537	73176	6	6	1	0	118.00	119.50
2010:008:06:10:40.743	2010:008:06:15:00.743	56537	73176	6	6	1	0	118.00	137.52
2010:008:06:15:00.743	2010:008:06:18:52.705	56537	73176	6	6	1	0	118.00	148.14
2010:008:06:18:52.705	2010:008:06:23:22.449	56537	73176	6	6	1	0	118.00	150.66
2010:008:06:23:22.449	2010:008:06:23:32.700	11010	75624	6	6	1	0	118.00	150.66
2010:008:06:23:32.700	2010:008:06:27:52.700	11010	75624	6	6	1	0	118.00	150.66
2010:008:06:27:52.700	2010:008:06:28:13.049	11010	75624	6	6	1	0	118.00	150.34
2010:008:06:28:13.049	2010:008:06:28:17.049	11010	75624	6	6	1	0	118.00	150.34
2010:008:06:28:17.049	2010:008:06:28:21.049	11010	75624	6	6	1	0	118.00	150.34
2010:008:06:28:21.049	2010:008:06:28:45.049	11010	75624	0	0	1	0	40.00	150.34
2010:008:06:28:45.049	2010:008:06:29:52.049	11010	75624	6	6	1	0	118.00	150.34
2010:008:06:29:52.049	2010:008:06:32:12.700	11010	75624	6	6	1	1	129.00	150.34
2010:008:06:32:12.700	2010:008:06:36:32.700	11010	75624	6	6	1	1	129.00	149.12
2010:008:06:36:32.700	2010:008:06:40:52.700	11010	75624	6	6	1	1	129.00	146.92
2010:008:06:40:52.700	2010:008:06:45:12.700	11010	75624	6	6	1	1	129.00	144.59
2010:008:06:45:12.700	2010:008:06:49:32.700	11010	75624	6	6	1	1	129.00	142.55
2010:008:06:49:32.700	2010:008:06:53:32.001	11010	75624	6	6	1	1	129.00	141.49
2010:008:06:53:32.001	2010:008:09:18:32.001	11010	75624	6	6	1	1	129.00	141.25
2010:008:09:18:32.001	2010:008:11:43:32.001	11010	75624	6	6	1	1	129.00	141.14
2010:008:11:43:32.001	2010:008:14:08:32.001	11010	75624	6	6	1	1	129.00	141.04
2010:008:14:08:32.001	2010:008:16:33:32.001	11010	75624	6	6	1	1	129.00	140.94
2010:008:16:33:32.001	2010:008:18:58:32.001	11010	75624	6	6	1	1	129.00	140.84
2010:008:18:58:32.001	2010:008:21:23:32.001	11010	75624	6	6	1	1	129.00	140.74
2010:008:21:23:32.001	2010:008:23:48:32.001	11010	75624	6	6	1	1	129.00	140.63
2010:008:23:48:32.001	2010:009:02:13:32.001	11010	75624	6	6	1	1	129.00	140.53
2010:009:02:13:32.001	2010:009:04:38:32.001	11010	75624	6	6	1	1	129.00	140.43
2010:009:04:38:32.001	2010:009:07:03:32.001	11010	75624	6	6	1	1	129.00	140.33
2010:009:07:03:32.001	2010:009:09:28:32.001	11010	75624	6	6	1	1	129.00	140.23
2010:009:09:28:32.001	2010:009:11:53:32.001	11010	75624	6	6	1	1	129.00	140.13
2010:009:11:53:32.001	2010:009:14:18:32.001	11010	75624	6	6	1	1	129.00	140.02
2010:009:14:18:32.001	2010:009:16:09:31.746	11010	75624	6	6	1	1	129.00	139.92
2010:009:16:09:31.746	2010:009:16:09:41.997	11010	75624	6	6	1	0	118.00	139.92
2010:009:16:09:41.997	2010:009:16:12:31.746	11010	75624	6	6	1	0	118.00	139.84
2010:009:16:12:31.746	2010:009:16:14:41.997	56536	75624	6	6	1	0	118.00	139.84
2010:009:16:14:41.997	2010:009:16:19:41.997	56536	75624	6	6	1	0	118.00	140.31
2010:009:16:19:41.997	2010:009:16:24:41.997	56536	75624	6	6	1	0	118.00	142.13
2010:009:16:24:41.997	2010:009:16:29:41.997	56536	75624	6	6	1	0	118.00	145.10
2010:009:16:29:41.997	2010:009:16:34:41.997	56536	75624	6	6	1	0	118.00	148.13
2010:009:16:34:41.997	2010:009:16:39:09.407	56536	75624	6	6	1	0	118.00	149.92
2010:009:16:39:09.407	2010:009:16:43:39.152	56536	75624	6	6	1	0	118.00	150.31
2010:009:16:43:39.152	2010:009:16:43:49.403	12071	73176	6	6	1	0	118.00	150.31
2010:009:16:43:49.403	2010:009:16:48:09.403	12071	73176	6	6	1	0	118.00	150.31
2010:009:16:48:09.403	2010:009:16:48:29.752	12071	73176	6	6	1	0	118.00	147.07
2010:009:16:48:29.752	2010:009:16:48:33.752	12071	73176	6	6	1	0	118.00	147.07
2010:009:16:48:33.752	2010:009:16:48:37.752	12071	73176	6	6	1	0	118.00	147.07
2010:009:16:48:37.752	2010:009:16:49:01.752	12071	73176	0	0	1	0	40.00	147.07
2010:009:16:49:01.752	2010:009:16:50:08.752	12071	73176	6	6	1	0	118.00	147.07
2010:009:16:50:08.752	2010:009:16:52:29.403	12071	73176	6	6	1	1	129.00	147.07
2010:009:16:52:29.403	2010:009:16:56:49.403	12071	73176	6	6	1	1	129.00	135.66
2010:009:16:56:49.403	2010:009:17:01:09.403	12071	73176	6	6	1	1	129.00	117.39
2010:009:17:01:09.403	2010:009:17:05:29.403	12071	73176	6	6	1	1	129.00	99.52
2010:009:17:05:29.403	2010:009:17:09:26.348	12071	73176	6	6	1	1	129.00	88.93
2010:009:17:09:26.348	2010:009:18:20:26.092	12071	73176	6	6	1	1	129.00	86.34
2010:009:18:20:26.092	2010:009:18:20:36.343	12071	75624	6	6	1	0	118.00	86.34
2010:009:18:20:36.343	2010:009:18:23:26.092	12071	75624	6	6	1	0	118.00	86.34
2010:009:18:23:26.092	2010:009:18:24:56.343	11501	75624	6	6	1	0	118.00	86.34
2010:009:18:24:56.343	2010:009:18:28:16.692	11501	75624	6	6	1	0	118.00	89.35
2010:009:18:28:16.692	2010:009:18:28:20.692	11501	75624	6	6	1	0	118.00	89.35
2010:009:18:28:20.692	2010:009:18:28:24.692	11501	75624	6	6	1	0	118.00	89.35
2010:009:18:28:24.692	2010:009:18:28:48.692	11501	75624	0	0	1	0	40.00	89.35
2010:009:18:28:48.692	2010:009:18:29:16.343	11501	75624	6	6	1	0	118.00	89.35
2010:009:18:29:16.343	2010:009:18:29:55.692	11501	75624	6	6	1	0	118.00	100.05
2010:009:18:29:55.692	2010:009:18:33:36.343	11501	75624	6	6	1	1	129.00	100.05
2010:009:18:33:36.343	2010:009:18:37:56.343	11501	75624	6	6	1	1	129.00	117.32
2010:009:18:37:56.343	2010:009:18:42:16.343	11501	75624	6	6	1	1	129.00	134.01
2010:009:18:42:16.343	2010:009:18:46:00.082	11501	75624	6	6	1	1	129.00	143.51
2010:009:18:46:00.082	2010:009:20:46:00.082	11501	75624	6	6	1	1	129.00	145.61
2010:009:20:46:00.082	2010:009:22:46:00.082	11501	75624	6	6	1	1	129.00	145.65
2010:009:22:46:00.082	2010:010:00:28:07.692	11501	75624	6	6	1	1	129.00	145.69
2010:010:00:28:07.692	2010:010:00:28:17.943	11501	75624	6	6	1	0	118.00	145.69
2010:010:00:28:17.943	2010:010:00:31:07.692	11501	75624	6	6	1	0	118.00	145.72
2010:010:00:31:07.692	2010:010:00:31:11.692	11958	75624	6	6	1	0	118.00	145.72
2010:010:00:31:11.692	2010:010:00:31:15.692	11958	75624	6	6	1	0	118.00	145.72
2010:010:00:31:15.692	2010:010:00:31:39.692	11958	75624	0	0	1	0	40.00	145.72
2010:010:00:31:39.692	2010:010:00:32:37.943	11958	75624	1	1	1	0	58.30	145.72
2010:010:00:32:37.943	2010:010:00:32:46.692	11958	75624	1	1	1	0	58.30	142.81
2010:010:00:32:46.692	2010:010:00:36:57.943	11958	75624	1	1	1	1	57.00	142.81
2010:010:00:36:57.943	2010:010:00:41:17.943	11958	75624	1	1	1	1	57.00	132.28
2010:010:00:41:17.943	2010:010:00:45:37.943	11958	75624	1	1	1	1	57.00	115.08
2010:010:00:45:37.943	2010:010:00:49:57.943	11958	75624	1	1	1	1	57.00	97.10
2010:010:00:49:57.943	2010:010:00:54:17.943	11958	75624	1	1	1	1	57.00	80.21
2010:010:00:54:17.943	2010:010:00:58:26.574	11958	75624	1	1	1	1	57.00	70.14
2010:010:00:58:26.574	2010:010:03:15:40.351	11958	75624	1	1	1	1	57.00	67.52
2010:010:03:15:40.351	2010:010:03:17:27.036	11958	-99616	1	1	1	0	58.30	67.52
2010:010:03:17:27.036	2010:010:03:18:40.351	11958	-99616	1	1	1	0	58.30	67.50
2010:010:03:18:40.351	2010:010:03:21:16.785	56535	-99616	1	1	1	0	58.30	67.50
2010:010:03:21:16.785	2010:010:03:21:20.785	56535	-99616	1	1	1	0	58.30	67.50
2010:010:03:21:20.785	2010:010:03:21:24.785	56535	-99616	1	1	1	0	58.30	67.50
2010:010:03:21:24.785	2010:010:03:21:27.041	56535	-99616	0	0	1	0	40.00	67.50
2010:010:03:21:27.041	2010:010:03:21:48.785	56535	-99616	0	0	1	0	40.00	67.50
2010:010:03:21:48.785	2010:010:03:22:55.785	56535	-99616	6	6	1	0	118.00	67.50
2010:010:03:22:55.785	2010:010:03:25:46.785	56535	-99616	6	6	1	1	129.00	67.50
2010:010:03:25:46.785	2010:010:03:25:57.036	56534	-99616	6	6	1	1	129.00	67.50
2010:010:03:25:57.036	2010:010:03:30:37.036	56534	-99616	6	6	1	1	129.00	67.50
2010:010:03:30:37.036	2010:010:03:35:17.036	56534	-99616	6	6	1	1	129.00	71.16
2010:010:03:35:17.036	2010:010:03:39:57.036	56534	-99616	6	6	1	1	129.00	84.02
2010:010:03:39:57.036	2010:010:03:44:37.036	56534	-99616	6	6	1	1	129.00	103.78
2010:010:03:44:37.036	2010:010:03:49:17.036	56534	-99616	6	6	1	1	129.00	124.00
2010:010:03:49:17.036	2010:010:03:53:57.036	56534	-99616	6	6	1	1	129.00	142.80
2010:010:03:53:57.036	2010:010:03:57:17.208	56534	-99616	6	6	1	1	129.00	153.07
2010:010:03:57:17.208	2010:010:04:41:36.785	56534	-99616	6	6	1	1	129.00	154.77
2010:010:04:41:36.785	2010:010:04:44:36.785	56534	-99616	6	6	1	0	118.00	154.77
2010:010:04:44:36.785	2010:010:04:44:45.785	56534	-99616	6	6	1	0	118.00	154.77
2010:010:04:44:45.785	2010:010:05:03:46.345	56534	-99616	6	6	0	0	96.60	154.77
2010:010:05:03:46.345	2010:010:05:03:56.596	56533	-99616	6	6	0	0	96.60	154.77
2010:010:05:03:56.596	2010:010:05:08:36.596	56533	-99616	6	6	0	0	96.60	154.74
2010:010:05:08:36.596	2010:010:05:13:16.596	56533	-99616	6	6	0	0	96.60	154.76
2010:010:05:13:16.596	2010:010:05:17:56.596	56533	-99616	6	6	0	0	96.60	154.85
2010:010:05:17:56.596	2010:010:05:22:36.596	56533	-99616	6	6	0	0	96.60	155.03
2010:010:05:22:36.596	2010:010:05:27:16.596	56533	-99616	6	6	0	0	96.60	155.24
2010:010:05:27:16.596	2010:010:05:31:56.596	56533	-99616	6	6	0	0	96.60	155.45
2010:010:05:31:56.596	2010:010:05:36:36.596	56533	-99616	6	6	0	0	96.60	155.63
2010:010:05:36:36.596	2010:010:05:40:55.579	56533	-99616	6	6	0	0	96.60	155.72
2010:010:05:40:55.579	2010:010:07:10:55.579	56533	-99616	6	6	0	0	96.60	155.74
2010:010:07:10:55.579	2010:010:08:28:35.325	56533	-99616	6	6	0	0	96.60	155.71
2010:010:08:28:35.325	2010:010:08:28:45.576	56532	-99616	6	6	0	0	96.60	155.71
2010:010:08:28:45.576	2010:010:08:33:15.576	56532	-99616	6	6	0	0	96.60	155.69
2010:010:08:33:15.576	2010:010:08:37:45.576	56532	-99616	6	6	0	0	96.60	155.66
2010:010:08:37:45.576	2010:010:08:42:15.576	56532	-99616	6	6	0	0	96.60	155.53
2010:010:08:42:15.576	2010:010:08:46:45.576	56532	-99616	6	6	0	0	96.60	155.28
2010:010:08:46:45.576	2010:010:08:51:15.576	56532	-99616	6	6	0	0	96.60	155.01
2010:010:08:51:15.576	2010:010:08:55:45.576	56532	-99616	6	6	0	0	96.60	154.76
2010:010:08:55:45.576	2010:010:08:59:34.156	56532	-99616	6	6	0	0	96.60	154.64
2010:010:08:59:34.156	2010:010:11:14:34.156	56532	-99616	6	6	0	0	96.60	154.61
2010:010:11:14:34.156	2010:010:13:18:21.713	56532	-99616	6	6	0	0	96.60	154.70
2010:010:13:18:21.713	2010:010:13:18:31.964	56531	-99616	6	6	0	0	96.60	154.70
2010:010:13:18:31.964	2010:010:13:23:11.964	56531	-99616	6	6	0	0	96.60	154.79
2010:010:13:23:11.964	2010:010:13:27:51.964	56531	-99616	6	6	0	0	96.60	154.79
2010:010:13:27:51.964	2010:010:13:32:31.964	56531	-99616	6	6	0	0	96.60	154.78
2010:010:13:32:31.964	2010:010:13:37:11.964	56531	-99616	6	6	0	0	96.60	154.76
2010:010:13:37:11.964	2010:010:13:41:51.964	56531	-99616	6	6	0	0	96.60	154.73
2010:010:13:41:51.964	2010:010:13:46:31.964	56531	-99616	6	6	0	0	96.60	154.70
2010:010:13:46:31.964	2010:010:13:51:11.964	56531	-99616	6	6	0	0	96.60	154.65
2010:010:13:51:11.964	2010:010:13:55:51.964	56531	-99616	6	6	0	0	96.60	154.62
2010:010:13:55:51.964	2010:010:13:59:04.039	56531	-99616	6	6	0	0	96.60	154.60
2010:010:13:59:04.039	2010:010:14:03:22.785	56531	-99616	6	6	0	0	96.60	154.59
2010:010:14:03:22.785	2010:010:14:03:26.785	56531	-99616	6	6	0	0	96.60	154.59
2010:010:14:03:26.785	2010:010:14:03:30.785	56531	-99616	6	6	0	0	96.60	154.59
2010:010:14:03:30.785	2010:010:14:03:54.785	56531	-99616	0	0	1	0	40.00	154.59
2010:010:14:03:54.785	2010:010:14:05:01.785	56531	-99616	6	6	1	0	118.00	154.59
2010:010:14:05:01.785	2010:010:15:17:59.457	56531	-99616	6	6	1	1	129.00	154.59
2010:010:15:17:59.457	2010:010:15:22:39.457	56531	-99616	6	6	1	1	129.00	154.57
2010:010:15:22:39.457	2010:010:15:27:19.457	56531	-99616	6	6	1	1	129.00	150.83
2010:010:15:27:19.457	2010:010:15:31:59.457	56531	-99616	6	6	1	1	129.00	137.75
2010:010:15:31:59.457	2010:010:15:36:10.785	56531	-99616	6	6	1	1	129.00	117.93
2010:010:15:36:10.785	2010:010:15:36:39.457	56531	-99616	6	6	1	0	118.00	117.93
2010:010:15:36:39.457	2010:010:15:39:10.785	56531	-99616	6	6	1	0	118.00	99.04
2010:010:15:39:10.785	2010:010:15:41:19.457	12070	73176	6	6	1	0	118.00	99.04
2010:010:15:41:19.457	2010:010:15:42:10.785	12070	73176	6	6	1	0	118.00	88.34
2010:010:15:42:10.785	2010:010:15:42:14.785	12070	73176	6	6	1	0	118.00	88.34
2010:010:15:42:14.785	2010:010:15:42:18.785	12070	73176	6	6	1	0	118.00	88.34
2010:010:15:42:18.785	2010:010:15:42:42.785	12070	73176	0	0	1	0	40.00	88.34
2010:010:15:42:42.785	2010:010:15:43:49.785	12070	73176	6	6	1	0	118.00	88.34
2010:010:15:43:49.785	2010:010:15:44:54.116	12070	73176	6	6	1	1	129.00	88.34
2010:010:15:44:54.116	2010:010:17:34:54.116	12070	73176	6	6	1	1	129.00	86.33
2010:010:17:34:54.116	2010:010:19:24:54.116	12070	73176	6	6	1	1	129.00	86.33
2010:010:19:24:54.116	2010:010:20:56:38.785	12070	73176	6	6	1	1	129.00	86.32
2010:010:20:56:38.785	2010:010:20:56:49.036	12070	89824	6	6	1	0	118.00	86.32
2010:010:20:56:49.036	2010:010:20:59:38.785	12070	89824	6	6	1	0	118.00	86.32
2010:010:20:59:38.785	2010:010:21:01:39.036	11859	89824	6	6	1	0	118.00	86.32
2010:010:21:01:39.036	2010:010:21:04:29.385	11859	89824	6	6	1	0	118.00	82.88
2010:010:21:04:29.385	2010:010:21:04:33.385	11859	89824	6	6	1	0	118.00	82.88
2010:010:21:04:33.385	2010:010:21:04:37.385	11859	89824	6	6	1	0	118.00	82.88
2010:010:21:04:37.385	2010:010:21:05:01.385	11859	89824	0	0	1	0	40.00	82.88
2010:010:21:05:01.385	2010:010:21:06:08.385	11859	89824	5	5	1	0	112.30	82.88
2010:010:21:06:08.385	2010:010:21:06:29.036	11859	89824	5	5	1	1	113.90	82.88
2010:010:21:06:29.036	2010:010:21:11:19.036	11859	89824	5	5	1	1	113.90	71.08
2010:010:21:11:19.036	2010:010:21:15:46.830	11859	89824	5	5	1	1	113.90	60.09
2010:010:21:15:46.830	2010:010:23:15:46.830	11859	89824	5	5	1	1	113.90	57.34
2010:010:23:15:46.830	2010:011:01:15:46.830	11859	89824	5	5	1	1	113.90	57.31
2010:011:01:15:46.830	2010:011:02:57:45.385	11859	89824	5	5	1	1	113.90	57.27
2010:011:02:57:45.385	2010:011:03:01:45.385	11859	89824	5	5	1	1	113.90	57.24
2010:011:03:01:45.385	2010:011:03:01:45.385	11859	89824	5	5	1	0	112.30	57.24
